# NaN NaN NaN ;Mean Elev.(m), Avg Gradient(m/km), RMS Gradient(m/km) - SRTM1     
#   15.253  -3.163   4.499 ;Mean Elev.(m), Avg Gradient(m/km), RMS Gradient(m/km) - ASTER GDEM
#    0.103  -0.755   6.346 ;Mean Elev.(m), Avg Gradient(m/km), RMS Gradient(m/km) - GMTED2010 
   1  44.108132  66.044104    12.869    13.152 16 54668.38518820 33.858
   2  44.106786  66.044924    16.927    18.714 15 54678.30083239 31.589
   3  44.110760  66.046642     5.569     6.002 15 54688.21647584 27.325
   4  44.108085  66.047407    13.993    16.127 15 54698.13211671 28.402
   6  44.105085  66.044270    16.432    17.571 16 54717.96341053 32.758
   7  44.101890  66.042036    -1.362    -1.647 16 54727.87905937 50.166
   8  44.101658  66.041557    17.044    15.906 16 54737.79470693 35.728
   9  44.103519  66.042782    18.488    18.983 16 54747.71035446 28.633
  10  44.108453  66.044306    14.424    18.157 16 54757.62600192 29.755
  11  44.108193  66.044386    16.754    20.096 16 54767.54164682 29.600
  12  44.105455  66.042741     7.328     1.433 16 54777.45728817 29.677
  13  44.102471  66.040967    12.792    15.163 17 54787.37292707 32.479
  14  44.101971  66.040682     0.365    -1.648 16 54797.28856516 46.379
  17  44.107124  66.045086     1.751     1.734 16 54827.03549012 43.747
  18  44.104173  66.044805    -1.030    -1.053 16 54836.95112896 45.639
  19  44.106938  66.045091    -1.516    -1.559 15 54846.86677866 47.735
  20  44.106203  66.045695    -1.812    -1.876 15 54856.78242745 49.169
  21  44.110916  66.046969     2.789     2.759 15 54866.69807678 43.265
  22  44.107862  66.046997     3.586     3.564 15 54876.61372481 43.337
  23  44.109196  66.046018     1.543     1.553 15 54886.52937027 43.375
  24  44.103330  66.043844    46.867    47.765 16 54896.44501162 24.012
  25  44.100043  66.042258    45.568    44.754 16 54906.36065056 23.430
  26  44.103346  66.042226    -2.241    -2.225 16 54916.27628895 45.650
  27  44.105680  66.043066     1.023     1.062 16 54926.19192707 46.413
  28  44.103696  66.043558     3.257     3.258 16 54936.10756413 40.702
  29  44.103982  66.043287     1.335     1.309 16 54946.02319949 51.933
  30  44.100311  66.041840    48.324    48.534 16 54955.93883186 10.017
  31  44.102275  66.041012     6.673     0.305 17 54965.85448020 36.689
  32  44.101933  66.041260    15.887    17.262 16 54975.77012801 30.242
  33  44.100055  66.042558    48.512    49.846 16 54985.68577558 23.902
  34  44.108431  66.044228     9.336     9.323 16 54995.60142413 20.774
  35  44.105767  66.044869     9.752     5.092 16 55005.51707012 31.724
  36  44.105151  66.045051    20.781    19.107 16 55015.43271408 27.293
  37  44.108296  66.045349    46.638    49.269 16 55025.34835698 16.805
  38  44.106046  66.046050    15.621    16.508 15 55035.26399889 30.943
  39  44.106351  66.046478    47.771    51.452 15 55045.17964025 13.269
  40  44.106567  66.045819    16.137    16.974 16 55055.09527984 18.470
  41  44.103282  66.043834    19.151    20.213 16 55065.01091680 23.816
  42  44.100097  66.042283    14.501    18.541 16 55074.92656408 27.165
  43  44.102590  66.041917     5.641     2.021 16 55084.84221218 32.774
  44  44.104239  66.042593    50.876    52.712 16 55094.75785865 15.354
  45  44.105842  66.043229    13.429    15.275 16 55104.67350496 32.383
  46  44.104280  66.043212    23.499    23.574 16 55114.58915075 22.130
  47  44.100428  66.042332    22.001    22.448 16 55124.50479387 21.877
  48  44.101943  66.041626     1.770     1.838 16 55134.42043473 34.783
  49  44.102371  66.041307    -0.738    -0.763 17 55144.33607335 49.780
  50  44.100865  66.041960    -1.028    -1.085 16 55154.25171116 49.330
  51  44.104420  66.043075    -1.132    -1.448 17 55164.16734977 48.397
  52  44.106498  66.044108     1.515     1.493 16 55174.08298801 47.500
  53  44.105928  66.044332     3.714     3.740 16 55183.99862671 42.186
  54  44.107040  66.044765     1.122     1.132 16 55193.91427799 44.982
  55  44.105641  66.045494    -0.517    -0.470 15 55203.82992778 43.366
  56  44.108416  66.046621    -1.214    -1.254 15 55213.74557731 44.948
  57  44.106597  66.046748    -2.340    -2.350 15 55223.66122593 41.110
  58  44.108233  66.045547    -1.412    -1.432 16 55233.57687326 42.278
  59  44.106378  66.043308     2.747     2.611 16 55243.49251703 34.396
  60  44.101802  66.041592     1.745     1.746 17 55253.40815741 35.552
  61  44.101945  66.041711    11.891    13.920 17 55263.32379619 30.556
  62  44.106776  66.043290    38.897    44.481 16 55273.23943446 20.058
  63  44.104624  66.043909    -0.661    -2.285 16 55283.15507172 42.992
  64  44.104558  66.043081    47.884    45.955 16 55293.07070785 21.381
  66  44.101862  66.040490     3.739     3.692 16 55312.90199134 45.381
  67  44.100342  66.041163    13.062    15.778 17 55322.81763662 25.374
  68  44.105739  66.043005    13.332    15.602 16 55332.73328130 29.679
  69  44.103817  66.044278     3.174     0.875 16 55342.64892525 32.879
  70  44.103451  66.044428     8.301     1.724 16 55352.56456903 29.222
  71  44.104837  66.044220     9.864     2.858 16 55362.48021079 26.241
  72  44.107923  66.044495    11.702    13.142 16 55372.39585074 21.202
  74  44.110520  66.046519    35.460    41.656 15 55392.22712684 17.116
  75  44.106745  66.046290    48.405    46.024 15 55402.14276257 28.013
  76  44.105390  66.044581     0.601     0.622 16 55412.05841321 35.872
  77  44.102081  66.042038     1.764     1.805 17 55421.97406233 34.374
  78  44.101603  66.040547     2.054     2.180 16 55431.88970898 32.622
  79  44.102551  66.041396    44.787    44.282 17 55441.80535371 12.563
  80  44.104802  66.043189    47.664    49.008 16 55451.72099708 25.162
  81  44.104710  66.044242    23.113    20.629 16 55461.63663948 28.255
  82  44.102452  66.043152    13.899    15.406 16 55471.55228017 35.374
  83  44.101712  66.041256    16.361    15.412 17 55481.46791808 31.068
  84  44.098641  66.039875    15.322    19.953 17 55491.38355345 29.823
  85  44.102253  66.040803    15.245    15.007 16 55501.29918754 34.147
  86  44.106616  66.043113    48.861    47.861 16 55511.21483162 18.447
  87  44.104667  66.044801    -0.443    -0.547 16 55521.13048113 44.078
  88  44.106600  66.045282    -2.147    -2.121 16 55531.04612982 45.855
  89  44.106129  66.044617    -1.732    -1.756 16 55540.96177664 47.980
  90  44.104022  66.044186     1.686     1.718 16 55550.87742117 38.835
  91  44.104969  66.045012     2.557     2.548 16 55560.79306447 37.973
  92  44.108192  66.046416     0.552     0.593 16 55570.70870721 44.958
  93  44.108825  66.046573    47.446    47.391 15 55580.62434862 18.747
  94  44.106890  66.044572    42.410    46.187 16 55590.53998683 21.842
  95  44.099698  66.041412    45.815    46.062 16 55600.45562138 16.044
  96  44.099309  66.039693     1.143     1.134 17 55610.37125433 39.113
  97  44.100337  66.040513     2.160     2.214 17 55620.28688620 34.806
  98  44.105563  66.043168    -0.067    -0.076 16 55630.20253813 44.101
  99  44.103191  66.044377    -0.617    -0.603 16 55640.11818883 47.122
 100  44.103098  66.043371    -1.480    -1.505 16 55650.03383721 49.551
 101  44.102578  66.041039    39.697    37.685 16 55659.94948209 24.249
 102  44.101019  66.039865     0.706     0.693 16 55669.86512336 41.098
 103  44.099868  66.041008    25.745    28.378 16 55679.78076273 26.635
 104  44.105565  66.043678    17.130    19.369 16 55689.69640085 27.969
 105  44.105390  66.045389    13.140    15.266 16 55699.61203691 29.134
 106  44.107089  66.045487    19.131    18.965 16 55709.52767547 26.594
 107  44.105678  66.044612    39.321    43.078 15 55719.44332577 13.124
 108  44.106190  66.044342    49.684    50.904 16 55729.35897391  9.360
 109  44.105798  66.044866     3.542     2.019 15 55739.27462059 22.806
 110  44.108731  66.045798     3.109     1.869 15 55749.19026634 31.009
 111  44.105766  66.045591     1.445     1.420 16 55759.10590918 33.827
 112  44.102335  66.044034    48.477    48.561 16 55769.02154914 10.068
 113  44.100428  66.041672    48.881    48.494 16 55778.93718600 15.796
 114  44.100783  66.040179     0.152    -0.096 16 55788.85282055 41.786
 115  44.101519  66.040681     1.594     1.737 16 55798.76845392 29.698
 116  44.100344  66.042391     2.138     2.265 16 55808.68409934 29.966
 117  44.103213  66.043952     1.776     1.864 16 55818.59974860 32.959
 118  44.107213  66.043574     0.829     0.836 16 55828.51539378 35.996
 119  44.101565  66.041570     0.752     0.563 16 55838.43103366 36.501
 120  44.099257  66.040086    12.584    14.103 17 55848.34667079 31.013
 121  44.100510  66.040982    11.613    14.429 16 55858.26230615 30.516
 122  44.105376  66.043583    20.818    20.230 16 55868.17795350 25.581
 123  44.107880  66.045773    15.560    16.897 16 55878.09360551 31.472
 133  44.100179  66.041536    -2.055    -2.087 16 55977.25003408 41.230
 134  44.105570  66.042968     2.673     2.668 16 55987.16567079 41.520
 135  44.103943  66.043430     2.679     2.641 16 55997.08130904 47.181
 136  44.104159  66.042890     1.540     1.531 16 56006.99696047 48.273
 137  44.101427  66.041616    -1.934    -1.910 17 56016.91260747 46.900
 139  44.104786  66.042665    49.485    47.152 16 56036.74389490 19.539
 141  44.108100  66.045656    16.372    16.996 15 56056.57517397 35.927
 142  44.108171  66.045769    14.603    16.775 15 56066.49080769 26.121
 143  44.106577  66.045321    20.928    18.041 15 56076.40645513 26.936
 144  44.106842  66.045214    45.374    46.494 15 56086.32210424 24.906
 145  44.107124  66.045190    14.075    13.256 16 56096.23775093 34.736
 146  44.105547  66.044863     6.281     2.488 15 56106.15339532 23.272
 147  44.104451  66.043835     4.810     3.756 16 56116.06902528 25.611
 148  44.101886  66.042607     1.850     2.115 16 56125.98466296 30.895
 149  44.100747  66.041491    10.336    11.133 16 56135.90029682 31.340
 150  44.102538  66.041530    13.975    15.101 16 56145.81593974 42.630
 151  44.102301  66.042212    28.316    24.398 17 56155.73158944 27.205
 152  44.104031  66.043104    15.517    18.930 16 56165.64723837 26.776
 153  44.104400  66.043281    12.882    15.011 16 56175.56288491 23.595
 154  44.103658  66.042773     4.116     2.220 16 56185.47852627 31.002
 155  44.099943  66.041881    16.899    20.747 16 56195.39416356 30.883
 156  44.104981  66.042217    46.108    48.823 16 56205.30979872 24.709
 157  44.104836  66.043362    17.016    19.986 16 56215.22543194 30.676
 158  44.105905  66.044942    10.875    14.298 16 56225.14107002 29.483
 159  44.106284  66.045720     3.107     3.142 16 56235.05672562 37.307
 160  44.108094  66.045637     3.067     3.234 15 56244.97237743 41.781
 161  44.107368  66.045201     1.549     1.505 15 56254.88802397 47.678
 162  44.105439  66.045274    -1.063    -1.131 16 56264.80366635 48.455
 165  44.102713  66.043487     2.484     2.421 16 56294.55060276 41.470
 166  44.104339  66.041820     4.827     4.830 16 56304.46624956 30.627
 167  44.103361  66.041322     1.343     1.326 16 56314.38189234 45.209
 168  44.101225  66.042283    -0.892    -0.903 16 56324.29753302 39.968
 169  44.107296  66.043847    -1.077    -1.109 16 56334.21317374 46.718
 170  44.102745  66.043785    -1.501    -1.488 16 56344.12881273 44.167
 171  44.104199  66.042868     3.295     3.290 16 56354.04444994 36.076
 172  44.101991  66.041772     4.041     3.940 17 56363.96009345 40.260
 173  44.102456  66.041970     1.014     0.955 17 56373.87574245 38.000
 175  44.105315  66.045295    -1.764    -1.799 16 56393.70703292 49.779
 176  44.109236  66.046196    17.097    18.704 15 56403.62267554 30.536
 177  44.105455  66.045888    18.895    18.503 15 56413.53831451 41.469
 178  44.106993  66.045037    16.318    18.485 15 56423.45394901 27.936
 179  44.106200  66.044811    10.084    12.898 15 56433.36959287 26.279
 180  44.106237  66.045269    47.801    46.363 15 56443.28524522 26.140
 181  44.108143  66.046011    46.398    45.505 15 56453.20089520 26.096
 182  44.105729  66.045273    45.093    47.409 16 56463.11654211 15.667
 184  44.100814  66.041387     1.802     2.132 16 56482.94782575 33.147
 185  44.100407  66.040965     2.005     2.169 17 56492.86346259 35.848
 187  44.108090  66.044028    47.268    46.153 16 56512.69473075 22.263
 188  44.103540  66.044268     4.547     0.940 16 56522.61037842 36.067
 189  44.104456  66.043293    47.724    47.492 17 56532.52603087 23.369
 191  44.103445  66.041988    11.580    12.519 16 56552.35732426 21.237
 192  44.102908  66.043805     5.632     1.579 16 56562.27296696 31.333
 193  44.107773  66.046184    16.387    18.202 16 56572.18860896 24.256
 194  44.109891  66.047294    -0.578    -0.613 15 56582.10424883 43.128
 195  44.108258  66.046253    -0.682    -0.672 16 56592.01988397 48.419
 196  44.107093  66.044767     2.439     2.423 16 56601.93553379 45.680
 197  44.107813  66.044189     2.726     2.791 16 56611.85118343 34.630
 198  44.108041  66.045072     1.085     1.123 16 56621.76682859 48.566
 199  44.107921  66.045957    -0.055    -0.033 16 56631.68247077 48.037
 200  44.107945  66.045486    -0.700    -0.784 16 56641.59810883 48.727
 201  44.104195  66.043266    -1.441    -1.499 17 56651.51375694 43.155
 202  44.101550  66.041111    46.869    47.518 17 56661.42940673 21.391
 203  44.102137  66.040773     1.359     1.350 17 56671.34505371 39.462
 205  44.106196  66.044777     0.167     0.309 16 56691.17634230 44.341
 206  44.107343  66.045195    -0.899    -0.820 15 56701.09198187 47.125
 207  44.107353  66.043573    -2.632    -2.500 16 56711.00761649 42.559
 208  44.099866  66.041977    -0.883    -2.339 16 56720.92325942 46.178
 209  44.101712  66.042291     1.189     1.215 16 56730.83891142 44.755
 211  44.111362  66.047126     0.810     0.792 15 56750.67020428 39.350
 212  44.110083  66.047794    -0.916    -0.923 14 56760.58584304 42.681
 213  44.106909  66.046491    16.346    16.462 15 56770.50147504 30.654
 214  44.108440  66.044972    45.240    48.909 16 56780.41712792 21.707
 215  44.106146  66.044173    15.223    16.590 16 56790.33278279 39.452
 216  44.105058  66.044692    19.820    19.796 16 56800.24843461 25.160
 217  44.106845  66.045779    12.876    16.584 15 56810.16408002 26.618
 219  44.104891  66.043834    46.449    47.202 16 56829.99535630 21.486
 220  44.099880  66.041365    -0.648    -1.282 16 56839.91098886 43.106
 221  44.099681  66.040633     5.527     1.682 16 56849.82662283 33.101
 222  44.101878  66.042310     2.148     2.389 16 56859.74227757 26.409
 223  44.107745  66.044751     7.210     1.505 16 56869.65793181 29.381
 224  44.107193  66.045563     1.404     1.168 16 56879.57358296 32.662
 225  44.108452  66.044681    22.930    21.477 16 56889.48923072 24.087
 226  44.104597  66.043074    23.196    22.577 17 56899.40487523 26.234
 227  44.105223  66.043253     6.678     1.570 16 56909.32051793 36.702
 228  44.107112  66.045096    11.580    15.980 15 56919.23615899 26.563
 229  44.108367  66.047197    14.550    16.319 15 56929.15179791 26.536
 230  44.110223  66.047800    15.443    17.294 14 56939.06743236 26.248
 231  44.108113  66.046542    47.084    46.734 16 56948.98306743 23.339
 232  44.105654  66.044785    28.001    27.787 15 56958.89871991 32.336
 233  44.103208  66.043832    -1.508    -1.439 16 56968.81436723 45.553
 234  44.102487  66.044123     1.928     1.952 16 56978.73001083 43.893
 235  44.107448  66.044977    50.269    48.343 16 56988.64565050 21.591
 236  44.103773  66.044541     3.834     1.739 16 56998.56128317 44.133
 237  44.107374  66.043542     2.812    -0.276 16 57008.47693358 42.625
 238  44.104077  66.041999    46.710    46.544 16 57018.39258623 22.799
 239  44.102977  66.041629    -1.667    -1.655 16 57028.30823588 45.535
 240  44.100548  66.042727     1.843     1.834 16 57038.22388375 40.159
 241  44.105506  66.044408     3.806     3.809 15 57048.13952983 43.236
 242  44.106573  66.045116     1.998     1.997 15 57058.05517171 40.452
 243  44.106630  66.044454     1.026    -0.354 16 57067.97080787 41.544
 244  44.103115  66.043626    -1.108    -1.002 16 57077.88643939 43.028
 245  44.107939  66.043941    42.608    46.887 16 57087.80207305 20.798
 246  44.106970  66.045512     1.952     1.999 15 57097.71773161 32.369
 247  44.107265  66.047072     3.847     3.878 15 57107.63338737 48.493
 248  44.111124  66.047509     1.841     1.887 15 57117.54903843 38.530
 249  44.108156  66.046371    50.402    53.733 15 57127.46468266  5.613
 250  44.105576  66.044937    -0.522    -0.420 16 57137.38032146 39.015
