# NaN NaN NaN ;Mean Elev.(m), Avg Gradient(m/km), RMS Gradient(m/km) - SRTM1     
#    8.772  -5.394   5.265 ;Mean Elev.(m), Avg Gradient(m/km), RMS Gradient(m/km) - ASTER GDEM
#    0.279  -0.549   7.064 ;Mean Elev.(m), Avg Gradient(m/km), RMS Gradient(m/km) - GMTED2010 
   1  44.092519  66.031400     6.913     2.683 15 54666.43432321 32.999
   2  44.090885  66.032435    19.108    22.746 15 54676.34996759 28.839
   3  44.094866  66.034034     0.388     0.512 16 54686.26561110 46.005
   4  44.095213  66.035218    23.301    22.974 15 54696.18125265 26.284
   5  44.095349  66.034479     1.682     1.895 15 54706.09689234 37.974
   6  44.093158  66.031969    13.391    20.261 15 54716.01254454 31.961
   7  44.086402  66.029656     3.560     2.635 15 54725.92819385 34.533
   8  44.087734  66.028878    20.319    22.124 14 54735.84384200 23.755
   9  44.088854  66.030256    15.306    15.535 15 54745.75948926 30.421
  10  44.091823  66.031735    49.741    50.300 15 54755.67513623 20.427
  11  44.092021  66.031638    14.554    15.134 15 54765.59078156 30.943
  12  44.087889  66.029802     4.512     2.564 14 54775.50642358 29.634
  13  44.085327  66.028021    15.200    14.289 15 54785.42206326 30.176
  14  44.086982  66.028084     2.411     2.373 14 54795.33770183 45.092
  17  44.093924  66.032754    -0.458    -0.468 15 54825.08462357 48.438
  18  44.088737  66.031980    -1.265    -1.287 15 54835.00026277 43.889
  19  44.088648  66.031663    -0.954    -0.955 15 54844.91591256 45.300
  20  44.091149  66.032315     1.300     1.290 15 54854.83156175 43.768
  21  44.093022  66.033817     2.935     3.024 15 54864.74721070 33.940
  22  44.093859  66.034354     1.015     0.950 15 54874.66285926 45.214
  23  44.091223  66.033520    -0.406    -0.461 15 54884.57850487 41.920
  24  44.089266  66.031184    -1.484    -1.428 15 54894.49414716 42.845
  25  44.085255  66.029224    -1.170    -1.415 15 54904.40978660 40.162
  26  44.084844  66.028962     1.610     1.535 15 54914.32542519 43.257
  27  44.087617  66.030160     1.818     1.838 14 54924.24106352 46.373
  28  44.090108  66.031516     0.567     0.548 15 54934.15670104 45.384
  29  44.087484  66.031769    46.681    47.422 15 54944.07233617 24.282
  30  44.088927  66.030288    47.261    45.427 14 54953.98796953 15.642
  31  44.084801  66.028652    22.494    20.732 15 54963.90361441 36.210
  32  44.086788  66.028460    17.930    22.225 14 54973.81926294 31.199
  33  44.085567  66.030190    24.595    24.530 15 54983.73491047 22.408
  34  44.093473  66.031859     2.324     2.377 15 54993.65055865 36.979
  35  44.091268  66.032779     4.507     1.988 15 55003.56620481 31.110
  36  44.091379  66.032482     7.078     2.270 15 55013.48184919 34.765
  37  44.089822  66.031999     1.538     1.792 15 55023.39749204 35.355
  38  44.092011  66.032435     3.716     2.178 16 55033.31313454 33.263
  39  44.095113  66.033367     2.902     2.913 15 55043.22877640 31.210
  40  44.092994  66.033925     1.913     1.910 15 55053.14441621 40.606
  41  44.090067  66.032914    14.703    16.561 15 55063.06005376 30.113
  42  44.088611  66.030886    47.259    48.938 15 55072.97569842 21.933
  43  44.087481  66.029173    10.195     3.303 15 55082.89134661 32.597
  44  44.086574  66.029046    20.350    18.976 14 55092.80699319 27.922
  45  44.086416  66.029974    15.780    20.330 15 55102.72263959 28.023
  46  44.090756  66.030836    18.091    22.711 15 55112.63828609 30.561
  47  44.091198  66.030677     7.776     2.367 15 55122.55392991 33.629
  48  44.088247  66.029656    50.091    48.620 15 55132.46957054 18.700
  49  44.086857  66.028503    -1.135    -1.114 14 55142.38520928 44.765
  50  44.085485  66.028790    -0.862    -0.730 15 55152.30084741 45.019
  51  44.089051  66.030153     1.543     1.567 15 55162.21648626 43.803
  52  44.090519  66.031867     3.214     3.156 15 55172.13212455 48.414
  53  44.092296  66.032760     1.946     1.957 16 55182.04776131 42.618
  54  44.090051  66.032682    -1.173    -1.170 15 55191.96341144 45.159
  55  44.092938  66.032571    -1.863    -1.777 15 55201.87906182 44.879
  56  44.093590  66.032919    -1.936    -1.831 15 55211.79471134 45.764
  57  44.092370  66.033313     2.326     2.299 15 55221.71036022 43.054
  58  44.093541  66.032575     3.732     3.706 15 55231.62600814 41.886
  59  44.093025  66.031207     1.808     1.763 15 55241.54165272 40.614
  60  44.087804  66.029875     2.601    -1.230 15 55251.45729340 30.869
  61  44.087584  66.029120    -0.503    -0.620 14 55261.37293226 38.253
  62  44.087362  66.029624     7.441    11.725 15 55271.28857022 36.443
  63  44.087572  66.030384     0.754     0.922 15 55281.20420813 43.076
  64  44.088174  66.030667     3.210     3.121 15 55291.11984491 47.048
  65  44.088341  66.030295    48.071    49.676 15 55301.03547937 15.018
  66  44.085998  66.029442     5.274     3.539 14 55310.95112604 29.210
  67  44.085955  66.029075    14.454    15.497 15 55320.86677158 36.390
  68  44.088559  66.029571    48.921    48.774 15 55330.78241622 22.183
  69  44.091407  66.030740    46.944    48.944 15 55340.69806078 13.343
  70  44.092656  66.031667     5.909     3.266 15 55350.61370499 24.744
  71  44.093182  66.032130    11.374     6.239 15 55360.52934701 27.923
  72  44.091212  66.032423     2.588     2.235 16 55370.44498666 33.998
  73  44.090203  66.032944    26.340    24.137 15 55380.36062493 20.083
  74  44.094155  66.033484     4.211     2.054 15 55390.27626295 32.174
  75  44.091572  66.033706     3.363     1.556 15 55400.19189928 34.689
  76  44.093553  66.032369     2.636     2.737 15 55410.10754733 24.906
  77  44.089912  66.030377    10.745     9.366 15 55420.02319736 23.639
  78  44.088254  66.028956     5.187     2.650 15 55429.93884435 33.452
  79  44.085798  66.029229    48.780    47.627 15 55439.85448872 23.644
  80  44.087671  66.030290    13.296    15.265 14 55449.77013199 31.819
  81  44.090102  66.030846    42.124    41.429 15 55459.68577488 23.754
  82  44.088874  66.030392    18.992    21.114 15 55469.60141656 27.728
  83  44.089008  66.029254    20.342    22.904 15 55479.51705521 26.082
  84  44.086448  66.028739     9.633     3.211 14 55489.43269086 32.331
  85  44.088023  66.029223    47.963    47.583 14 55499.34832464 25.101
  86  44.089104  66.030632    -0.237    -0.519 15 55509.26396497 46.029
  87  44.089546  66.031689    -1.093    -1.117 15 55519.17961502 48.127
  88  44.088364  66.032238     1.197     1.234 15 55529.09526401 41.160
  89  44.089790  66.032073     3.961     3.948 15 55539.01091144 43.430
  90  44.092065  66.032010     1.838     1.899 15 55548.92655669 43.003
  91  44.092570  66.032601    -0.226    -0.169 16 55558.84220003 44.381
  92  44.093374  66.033510    -1.225    -1.168 16 55568.75784251 45.311
  93  44.091872  66.033513     4.711    -1.369 15 55578.67348392 41.781
  94  44.088176  66.032009    -1.371    -1.394 15 55588.58912277 45.455
  95  44.087404  66.029680     2.596     2.552 14 55598.50475885 28.328
  96  44.086128  66.028518     2.338     2.316 15 55608.42039232 29.333
  97  44.086080  66.029268    -0.514    -0.599 15 55618.33602404 28.103
  98  44.091194  66.030974     0.191    -0.558 15 55628.25167142 38.495
  99  44.090701  66.031772     7.369    10.688 15 55638.16732265 44.012
 100  44.089879  66.030815    44.590    45.577 15 55648.08297178 20.824
 101  44.087474  66.028887     3.533     3.492 15 55657.99861781 48.149
 102  44.084309  66.028090    16.423    21.732 14 55667.91425967 35.352
 103  44.085063  66.029171    19.790    23.024 15 55677.82989921 29.080
 104  44.089089  66.031268    38.936    42.280 15 55687.74553708 24.440
 105  44.093532  66.032762    49.701    52.709 15 55697.66117372 16.673
 106  44.090402  66.033053    49.227    48.433 15 55707.57680874 23.302
 107  44.092043  66.032091    17.303    18.048 15 55717.49246011 23.348
 108  44.088411  66.031931    16.906    17.983 15 55727.40810828 17.427
 109  44.089717  66.032624     2.252     2.046 15 55737.32375525 34.438
 110  44.091257  66.033557     7.367     2.308 15 55747.23940099 35.429
 111  44.093008  66.033333    50.881    52.309 16 55757.15504468  9.725
 112  44.090415  66.031667     0.557     0.283 15 55767.07068539 36.890
 113  44.087252  66.029347     2.166     2.283 15 55776.98632306 36.545
 114  44.083951  66.028164    49.051    52.885 15 55786.90195799  9.974
 115  44.085866  66.029199     1.582     1.559 14 55796.81759167 35.649
 116  44.087531  66.031099     2.252     2.062 15 55806.73323361 36.629
 117  44.090844  66.032108    48.306    48.479 15 55816.64888291 25.687
 118  44.088502  66.031149     4.679     2.353 15 55826.56452851 34.159
 119  44.088897  66.029272     7.665     2.519 15 55836.48016999 32.418
 120  44.084226  66.028275     6.848     2.835 15 55846.39580773 30.928
 121  44.088447  66.029396    10.634    13.802 15 55856.31144371 30.670
 122  44.089316  66.031733    24.798    24.717 15 55866.22708641 23.936
 123  44.094438  66.033314    12.010    12.806 15 55876.14273940 40.439
 133  44.086620  66.028923     2.013     1.999 15 55975.29917116 40.472
 134  44.088352  66.031118     0.668     0.681 15 55985.21480758 42.065
 135  44.092005  66.032316    -0.273    -0.345 15 55995.13044234 46.627
 136  44.092916  66.031212    -0.878    -0.897 15 56005.04609458 48.805
 137  44.087068  66.029253    -2.171    -2.042 14 56014.96174232 49.349
 139  44.089131  66.029545    46.709    46.596 15 56034.79303079 13.533
 141  44.093011  66.033703    22.512    23.531 16 56054.62431039 29.190
 142  44.093173  66.033872    51.263    51.803 16 56064.53994497 22.512
 143  44.091652  66.032816    46.917    47.389 15 56074.45558880 24.153
 144  44.093467  66.032020    33.529    31.814 15 56084.37123863 17.138
 145  44.091462  66.032146    53.750    51.097 15 56094.28688574 14.965
 146  44.091032  66.032671     3.917     2.119 15 56104.20253085 33.353
 147  44.092727  66.032196     3.855     2.179 15 56114.11816167 35.719
 148  44.090432  66.031205    48.786    48.717 15 56124.03379994 24.664
 149  44.088205  66.029658    13.051    13.554 14 56133.94943424 44.061
 150  44.086830  66.028927    15.716    15.260 15 56143.86507354 38.771
 151  44.085857  66.029408    10.932     2.758 15 56153.78072381 29.082
 152  44.089244  66.030658    13.500    11.248 14 56163.69637315 29.527
 153  44.089261  66.031601     4.221     2.178 15 56173.61202012 36.870
 154  44.091082  66.031205    48.521    49.775 15 56183.52766221 25.445
 155  44.086288  66.030115    45.027    48.643 15 56193.44329997 23.299
 156  44.087200  66.029398     7.655     2.621 14 56203.35893549 30.937
 157  44.086972  66.030486    14.994    15.658 15 56213.27456924 31.060
 158  44.093266  66.032519    23.635    24.039 15 56223.19020276 24.803
 159  44.094303  66.033912     2.003     1.901 16 56233.10585908 47.536
 160  44.093693  66.033943     0.488     0.274 16 56243.02151126 43.121
 161  44.092138  66.033022     0.126    -0.385 15 56252.93715878 44.234
 162  44.091053  66.032323    -1.061    -1.085 15 56262.85280184 43.649
 164  44.089676  66.032385     2.213     2.283 15 56282.68408541 43.444
 165  44.088695  66.031843     1.853     1.823 15 56292.59973714 32.781
 166  44.089200  66.030435     0.559     0.517 15 56302.51538457 46.462
 167  44.087050  66.029281    -0.929    -0.900 15 56312.43102757 49.617
 168  44.085836  66.029219    -1.674    -1.602 14 56322.34666849 44.716
 169  44.088536  66.030121    -1.779    -1.904 15 56332.26230920 48.761
 170  44.092358  66.030935     2.371     2.281 15 56342.17794957 47.692
 171  44.092404  66.031251     2.608     2.579 15 56352.09358731 40.859
 172  44.087713  66.030793     1.830     1.732 15 56362.00922743 44.596
 173  44.086293  66.030137    -0.961    -0.794 15 56371.92487665 37.632
 174  44.090416  66.030236    -1.560    -1.612 15 56381.84052368 45.249
 175  44.092866  66.031485    -2.070    -2.127 15 56391.75616837 46.299
 176  44.092608  66.032803     8.588     6.519 15 56401.67181119 36.478
 177  44.093954  66.033430    17.394    19.434 16 56411.58745142 34.412
 178  44.093824  66.033325    15.852    18.844 16 56421.50308658 30.876
 179  44.092967  66.033027     9.349     2.744 16 56431.41872598 28.554
 180  44.092184  66.032755     2.491     2.485 15 56441.33437873 33.901
 181  44.092624  66.032594    48.289    48.133 15 56451.25002911 24.951
 182  44.088731  66.032124     4.235     2.190 15 56461.16567676 32.709
 183  44.088432  66.030876    11.403    14.176 15 56471.08132145 21.710
 184  44.087014  66.029820     2.561     2.652 15 56480.99696243 35.339
 185  44.087693  66.029501    50.846    50.789 15 56490.91259969 18.099
 187  44.090075  66.031148     1.872     1.684 15 56510.74386772 38.299
 188  44.088804  66.031581     1.834     1.941 15 56520.65951162 40.025
 189  44.090073  66.031090    20.310    20.586 15 56530.57516502 23.183
 191  44.088188  66.030332     1.973     1.958 15 56550.40645937 39.883
 192  44.092330  66.031121     1.990     2.060 15 56560.32210255 37.669
 193  44.090872  66.032658     1.990     2.006 15 56570.23774419 36.367
 194  44.093305  66.033818     2.362     0.638 16 56580.15338481 43.011
 195  44.095267  66.033774     3.272     3.259 15 56590.06902142 42.515
 196  44.093166  66.032966     3.845     3.873 15 56599.98466751 46.974
 197  44.091253  66.032247    30.627    26.544 16 56609.90031782 26.088
 198  44.093483  66.032529     0.089    -0.422 15 56619.81596368 48.567
 199  44.093132  66.033048    -1.016    -1.064 15 56629.73160614 46.171
 200  44.090980  66.032677    -0.309    -0.847 15 56639.64724512 38.658
 201  44.090166  66.030889     3.042     3.022 15 56649.56289058 45.226
 202  44.088017  66.029040     4.193     4.241 15 56659.47854149 45.071
 203  44.086113  66.028798     2.191     2.216 15 56669.39418858 35.472
 205  44.089291  66.031995    -1.422    -1.537 15 56689.22547715 45.558
 206  44.091510  66.032137    -1.788    -1.860 16 56699.14111800 42.253
 207  44.089532  66.031045     1.770     1.787 14 56709.05675385 41.091
 208  44.088360  66.030008     4.292     4.334 14 56718.97239332 49.195
 209  44.089038  66.030201     2.464     2.403 15 56728.88804581 44.215
 211  44.094985  66.033803    46.649    46.123 16 56748.71933939 23.141
 212  44.093055  66.034516    -1.874    -1.904 15 56758.63497919 38.149
 213  44.094597  66.033700    16.672    16.382 15 56768.55061320 40.232
 214  44.089416  66.032468     3.983     3.891 15 56778.46626017 47.053
 215  44.092269  66.031728    28.720    26.216 15 56788.38191630 27.460
 216  44.090012  66.032205    17.498    22.673 15 56798.29756847 27.865
 217  44.092987  66.032816    48.564    47.663 16 56808.21321536 21.975
 219  44.089567  66.030878     5.790     2.355 15 56828.04449316 31.418
 220  44.087564  66.029106     2.774     2.367 14 56837.96012702 35.138
 221  44.085245  66.029147     7.516     2.862 15 56847.87575800 31.960
 222  44.090036  66.030336     4.328     2.562 15 56857.79141134 34.094
 223  44.093789  66.032085     6.289     2.760 15 56867.70706506 32.503
 224  44.091209  66.032551    47.218    47.397 15 56877.62271648 26.253
 225  44.091349  66.031428     5.271     1.869 15 56887.53836499 34.280
 226  44.089329  66.029978     8.613     3.330 15 56897.45401062 34.105
 227  44.088564  66.030154    19.449    21.380 15 56907.36965364 22.188
 228  44.088445  66.032148    31.303    29.171 15 56917.28529458 24.868
 229  44.094047  66.034276    10.088    13.790 15 56927.20093409 32.889
 230  44.097400  66.035060    27.037    23.498 15 56937.11656968 19.238
 231  44.094538  66.034147    47.204    48.288 16 56947.03220006 21.791
 232  44.091816  66.032092     1.105     1.075 15 56956.94785397 41.227
 233  44.086709  66.031217    51.600    51.229 15 56966.86350211 14.222
 234  44.089058  66.031857    49.708    52.323 15 56976.77914675 16.428
 235  44.093258  66.032950    49.922    49.572 15 56986.69478703 19.204
 236  44.093301  66.032933    49.023    48.854 15 56996.61042114 19.782
 237  44.088068  66.031307    47.129    45.744 15 57006.52606556 20.800
 238  44.087491  66.029101    47.355    46.485 14 57016.44171978 22.950
 239  44.087258  66.028641     0.639     0.746 15 57026.35737021 41.102
 240  44.086916  66.030451     1.392     1.369 15 57036.27301864 40.865
 241  44.091588  66.032246    -0.041    -0.064 16 57046.18866494 37.596
 242  44.091403  66.032933    -0.707    -0.700 15 57056.10430741 42.640
 243  44.090319  66.031816    11.444    12.482 15 57066.01994462 42.147
 244  44.091213  66.030864     5.899     1.530 15 57075.93557750 37.101
 245  44.088511  66.031359    48.003    47.445 15 57085.85120696 21.571
 246  44.094541  66.032888     8.310     3.611 15 57095.76686448 20.251
 247  44.093470  66.034640     1.792     1.807 15 57105.68252061 39.374
 248  44.094512  66.035040    -0.222    -0.234 15 57115.59817240 49.022
 249  44.094633  66.033697    -1.755    -1.791 15 57125.51381790 47.203
 250  44.091161  66.032084    48.254    48.242 15 57135.42945779 15.328
