# NaN NaN NaN ;Mean Elev.(m), Avg Gradient(m/km), RMS Gradient(m/km) - SRTM1     
#    8.482  -1.198   1.951 ;Mean Elev.(m), Avg Gradient(m/km), RMS Gradient(m/km) - ASTER GDEM
#    7.453  -0.513   4.177 ;Mean Elev.(m), Avg Gradient(m/km), RMS Gradient(m/km) - GMTED2010 
   1     1.721 54661.43616874 40.69  44.126378  65.909149  3.886 -100.00 -100.00 -100.00
   1    14.730 54661.43616933 31.56  44.132740  65.909519 26.503 -100.00 -100.00 -100.00
   1    15.128 54661.43616992 28.66  44.139102  65.909890 19.448 -100.00 -100.00 -100.00
   1     1.673 54661.43617051 32.90  44.145465  65.910259   -100 -100.00 -100.00 -100.00
   2    17.080 54671.35181384 29.55  44.123443  65.909270 11.103 -100.00 -100.00 -100.00
   2    16.297 54671.35181443 33.20  44.129805  65.909640 23.925 -100.00 -100.00 -100.00
   2    15.841 54671.35181502 31.10  44.136167  65.910010 17.638 -100.00 -100.00 -100.00
   2     1.761 54671.35181561 33.29  44.142530  65.910380 22.843 -100.00 -100.00 -100.00
   3   -13.886 54681.26745788 16.78  44.125743  65.910421  3.162 -100.00 -100.00 -100.00
   3   -13.061 54681.26745847 17.62  44.132105  65.910791  3.945 -100.00 -100.00 -100.00
   3   -12.297 54681.26745907 19.36  44.138468  65.911162  6.329 -100.00 -100.00 -100.00
   4    -0.048 54691.18310076 46.07  44.128233  65.911259   -100 -100.00 -100.00 -100.00
   4    -0.535 54691.18310135 49.26  44.134596  65.911629 14.906 -100.00 -100.00 -100.00
   4    -0.350 54691.18310194 47.75  44.140959  65.911999   -100 -100.00 -100.00 -100.00
   5   -10.188 54701.09874105 17.13  44.128281  65.910967  6.352 -100.00 -100.00 -100.00
   5    -9.504 54701.09874164 16.82  44.134644  65.911337  4.890 -100.00 -100.00 -100.00
   5    -9.007 54701.09874223 17.52  44.141006  65.911707  4.999 -100.00 -100.00 -100.00
   6    16.621 54711.01438733 26.74  44.124610  65.909337 14.034 -100.00 -100.00 -100.00
   6    16.286 54711.01438792 29.00  44.130971  65.909708 21.133 -100.00 -100.00 -100.00
   6    16.901 54711.01438851 25.51  44.137333  65.910078 10.196 -100.00 -100.00 -100.00
   6    18.216 54711.01438910 25.09  44.143695  65.910448 10.506 -100.00 -100.00 -100.00
   7    -8.433 54720.93003871 13.47  44.127349  65.908142  3.275 -100.00 -100.00 -100.00
   7    -8.490 54720.93003930 13.92  44.133710  65.908512  2.919 -100.00 -100.00 -100.00
   7    -8.510 54720.93003989 13.87  44.140072  65.908882  3.077 -100.00 -100.00 -100.00
   7    -8.539 54720.93004048 13.98  44.146433  65.909252  3.569 -100.00 -100.00 -100.00
   8     1.749 54730.84568712 41.73  44.125856  65.907145 20.372 -100.00 -100.00 -100.00
   8     1.268 54730.84568771 46.97  44.132218  65.907515   -100 -100.00 -100.00 -100.00
   8     0.982 54730.84568830 50.33  44.138579  65.907885   -100 -100.00 -100.00 -100.00
   8     0.773 54730.84568889 46.00  44.144940  65.908255 11.460 -100.00 -100.00 -100.00
   9     1.562 54740.76133427 43.92  44.127692  65.907506 24.802 -100.00 -100.00 -100.00
   9     1.064 54740.76133486 49.20  44.134053  65.907876   -100 -100.00 -100.00 -100.00
   9     0.949 54740.76133545 51.45  44.140415  65.908246   -100 -100.00 -100.00 -100.00
   9     0.864 54740.76133604 53.30  44.146776  65.908615  7.726 -100.00 -100.00 -100.00
  10     1.068 54750.67698122 41.86  44.127494  65.908009   -100 -100.00 -100.00 -100.00
  10     0.894 54750.67698181 45.01  44.133856  65.908379   -100 -100.00 -100.00 -100.00
  10     0.664 54750.67698240 40.52  44.140218  65.908749   -100 -100.00 -100.00 -100.00
  10    14.316 54750.67698300 35.62  44.146580  65.909118 27.037 -100.00 -100.00 -100.00
  11    16.623 54760.59262805 29.43  44.127817  65.908273 13.421 -100.00 -100.00 -100.00
  11    15.893 54760.59262864 33.14  44.134179  65.908643 28.677 -100.00 -100.00 -100.00
  11     0.494 54760.59262923 34.38  44.140541  65.909013   -100 -100.00 -100.00 -100.00
  11     0.803 54760.59262983 32.98  44.146904  65.909382 26.611 -100.00 -100.00 -100.00
  12     3.468 54770.50827257 42.57  44.129025  65.907775   -100 -100.00 -100.00 -100.00
  12     3.395 54770.50827316 47.10  44.135388  65.908145   -100 -100.00 -100.00 -100.00
  12     3.667 54770.50827375 49.35  44.141750  65.908514   -100 -100.00 -100.00 -100.00
  13     2.902 54780.42391348 37.56  44.126689  65.906811 21.861 -100.00 -100.00 -100.00
  13     2.438 54780.42391407 41.85  44.133051  65.907181   -100 -100.00 -100.00 -100.00
  13     2.569 54780.42391466 44.69  44.139413  65.907551   -100 -100.00 -100.00 -100.00
  13     2.524 54780.42391525 47.21  44.145776  65.907921 15.765 -100.00 -100.00 -100.00
  14     1.206 54790.33955214 39.62  44.127952  65.906213   -100 -100.00 -100.00 -100.00
  14     1.433 54790.33955273 40.64  44.134315  65.906583   -100 -100.00 -100.00 -100.00
  14     1.583 54790.33955332 42.01  44.140677  65.906953   -100 -100.00 -100.00 -100.00
  14     1.614 54790.33955391 42.92  44.147039  65.907322   -100 -100.00 -100.00 -100.00
  15     1.996 54800.25518963 38.73  44.128130  65.906602 21.474 -100.00 -100.00 -100.00
  15     1.203 54800.25519022 44.06  44.134492  65.906973   -100 -100.00 -100.00 -100.00
  15     1.024 54800.25519081 42.09  44.140854  65.907342  7.773 -100.00 -100.00 -100.00
  15     1.019 54800.25519140 38.56  44.147217  65.907712   -100 -100.00 -100.00 -100.00
  17     0.742 54820.08646637 31.84  44.129269  65.908479 32.369 -100.00 -100.00 -100.00
  17     0.387 54820.08646696 34.42  44.135632  65.908850   -100 -100.00 -100.00 -100.00
  17     0.359 54820.08646755 35.09  44.141994  65.909220   -100 -100.00 -100.00 -100.00
  18     3.494 54830.00211840 38.94  44.126921  65.908791   -100 -100.00 -100.00 -100.00
  18     3.465 54830.00211899 40.90  44.133283  65.909161   -100 -100.00 -100.00 -100.00
  18     3.148 54830.00211958 39.95  44.139645  65.909531   -100 -100.00 -100.00 -100.00
  18     3.300 54830.00212018 38.65  44.146008  65.909901   -100 -100.00 -100.00 -100.00
  19     2.806 54839.91775730 31.14  44.128291  65.909324   -100 -100.00 -100.00 -100.00
  19     2.641 54839.91775789 30.00  44.134653  65.909694   -100 -100.00 -100.00 -100.00
  19     2.779 54839.91775848 25.73  44.141015  65.910064 22.539 -100.00 -100.00 -100.00
  20     2.511 54849.83340619 19.96  44.126497  65.910154 10.306 -100.00 -100.00 -100.00
  20     2.415 54849.83340678 21.69  44.132859  65.910524 15.626 -100.00 -100.00 -100.00
  20     2.486 54849.83340737 19.93  44.139222  65.910894 11.995 -100.00 -100.00 -100.00
  21    15.362 54859.74905456 17.72  44.123839  65.911233  9.275 -100.00 -100.00 -100.00
  21    15.307 54859.74905515 16.35  44.130201  65.911603  7.987 -100.00 -100.00 -100.00
  21     2.086 54859.74905574 18.32  44.136564  65.911973 10.482 -100.00 -100.00 -100.00
  21     1.469 54859.74905633 20.70  44.142927  65.912342 15.442 -100.00 -100.00 -100.00
  22    16.792 54869.66470347 17.29  44.125732  65.912070  5.923 -100.00 -100.00 -100.00
  22    17.340 54869.66470406 16.27  44.132095  65.912440  5.626 -100.00 -100.00 -100.00
  22    17.832 54869.66470465 15.73  44.138458  65.912809  4.713 -100.00 -100.00 -100.00
  23    17.465 54879.58035102 14.11  44.125135  65.911145  3.838 -100.00 -100.00 -100.00
  23    17.951 54879.58035161 13.80  44.131498  65.911515  3.436 -100.00 -100.00 -100.00
  23    17.480 54879.58035220 14.42  44.137861  65.911885  4.341 -100.00 -100.00 -100.00
  24    16.988 54889.49599576 14.75  44.128845  65.909246  4.310 -100.00 -100.00 -100.00
  24    17.563 54889.49599635 14.84  44.135208  65.909616  4.599 -100.00 -100.00 -100.00
  24    17.529 54889.49599694 14.95  44.141571  65.909985  4.608 -100.00 -100.00 -100.00
  25    17.001 54899.41163683 14.89  44.127037  65.907233  4.864 -100.00 -100.00 -100.00
  25    17.624 54899.41163742 14.53  44.133399  65.907603  3.702 -100.00 -100.00 -100.00
  25    17.084 54899.41163802 15.54  44.139761  65.907972  5.461 -100.00 -100.00 -100.00
  25    17.303 54899.41163861 15.70  44.146124  65.908342  5.635 -100.00 -100.00 -100.00
  26    16.634 54909.32727594 18.15  44.128357  65.907205  8.611 -100.00 -100.00 -100.00
  26    16.315 54909.32727653 17.82  44.134719  65.907575  8.151 -100.00 -100.00 -100.00
  26     1.787 54909.32727712 21.57  44.141081  65.907944 14.688 -100.00 -100.00 -100.00
  26     1.791 54909.32727771 21.36  44.147444  65.908314 13.725 -100.00 -100.00 -100.00
  27    16.274 54919.24291337 17.82  44.125050  65.908111  7.689 -100.00 -100.00 -100.00
  27     2.572 54919.24291396 19.96  44.131412  65.908481 11.587 -100.00 -100.00 -100.00
  27    15.744 54919.24291455 17.82  44.137774  65.908851  7.695 -100.00 -100.00 -100.00
  27     3.476 54919.24291514 19.68  44.144137  65.909220 10.791 -100.00 -100.00 -100.00
  28    17.629 54929.15855094 14.50  44.126393  65.908845  3.613 -100.00 -100.00 -100.00
  28    17.733 54929.15855153 14.98  44.132755  65.909215  4.336 -100.00 -100.00 -100.00
  28    17.641 54929.15855212 15.55  44.139117  65.909585  4.867 -100.00 -100.00 -100.00
  28    17.122 54929.15855271 16.07  44.145480  65.909955  5.852 -100.00 -100.00 -100.00
  29    16.145 54939.07418772 15.77  44.129189  65.908103  8.287 -100.00 -100.00 -100.00
  29    17.109 54939.07418831 13.94  44.135551  65.908473  5.868 -100.00 -100.00 -100.00
  29    17.491 54939.07418890 13.77  44.141913  65.908843  5.336 -100.00 -100.00 -100.00
  30     1.718 54948.98982216 21.82  44.125003  65.906204 22.544 -100.00 -100.00 -100.00
  30    14.994 54948.98982276 22.02  44.131364  65.906575 24.485 -100.00 -100.00 -100.00
  30     1.888 54948.98982335 22.42  44.137725  65.906945 27.435 -100.00 -100.00 -100.00
  30    14.345 54948.98982394 21.37  44.144086  65.907315 21.432 -100.00 -100.00 -100.00
  31    16.019 54958.90545941 24.62  44.125098  65.905114 16.362 -100.00 -100.00 -100.00
  31    15.588 54958.90546000 24.41  44.131458  65.905485 20.849 -100.00 -100.00 -100.00
  31    15.172 54958.90546059 23.63  44.137818  65.905855 17.582 -100.00 -100.00 -100.00
  31    14.754 54958.90546118 23.05  44.144179  65.906225 17.350 -100.00 -100.00 -100.00
  32     3.187 54968.82110787 46.07  44.124199  65.905715   -100 -100.00 -100.00 -100.00
  32     3.119 54968.82110846 46.83  44.130560  65.906085   -100 -100.00 -100.00 -100.00
  32     3.432 54968.82110905 44.84  44.136920  65.906455   -100 -100.00 -100.00 -100.00
  32     3.380 54968.82110964 46.92  44.143281  65.906825   -100 -100.00 -100.00 -100.00
  33     2.537 54978.73675548 43.44  44.125696  65.907269 30.092 -100.00 -100.00 -100.00
  33     2.191 54978.73675607 45.94  44.132057  65.907639   -100 -100.00 -100.00 -100.00
  33     2.232 54978.73675666 49.22  44.138418  65.908009   -100 -100.00 -100.00 -100.00
  33     2.280 54978.73675725 50.19  44.144779  65.908379   -100 -100.00 -100.00 -100.00
  34    -4.273 54988.65240301 20.18  44.127168  65.908512 10.168 -100.00 -100.00 -100.00
  34    -2.904 54988.65240361 23.14  44.133529  65.908882 10.415 -100.00 -100.00 -100.00
  34    -3.508 54988.65240420 24.27  44.139891  65.909252 10.954 -100.00 -100.00 -100.00
  34    -3.715 54988.65240479 24.33  44.146253  65.909622 11.728 -100.00 -100.00 -100.00
  35    -0.114 54998.56805065 35.65  44.128629  65.908808   -100 -100.00 -100.00 -100.00
  35    -0.076 54998.56805124 35.02  44.134991  65.909178   -100 -100.00 -100.00 -100.00
  35    -0.016 54998.56805183 34.51  44.141353  65.909548   -100 -100.00 -100.00 -100.00
  36     0.376 55008.48369621 33.18  44.127005  65.908732   -100 -100.00 -100.00 -100.00
  36     0.482 55008.48369680 33.20  44.133367  65.909103 31.265 -100.00 -100.00 -100.00
  36     0.267 55008.48369739 35.90  44.139729  65.909473   -100 -100.00 -100.00 -100.00
  36     0.640 55008.48369798 32.92  44.146091  65.909842 27.500 -100.00 -100.00 -100.00
  37     2.299 55018.39933993 44.22  44.126027  65.908951   -100 -100.00 -100.00 -100.00
  37     2.018 55018.39934052 43.13  44.132389  65.909322 10.186 -100.00 -100.00 -100.00
  37     2.009 55018.39934112 43.38  44.138752  65.909692 19.259 -100.00 -100.00 -100.00
  37     1.954 55018.39934171 41.12  44.145114  65.910061 12.456 -100.00 -100.00 -100.00
  38     0.816 55028.31498229 33.06  44.124963  65.909980   -100 -100.00 -100.00 -100.00
  38     0.988 55028.31498288 32.90  44.131326  65.910350   -100 -100.00 -100.00 -100.00
  38     1.021 55028.31498347 34.40  44.137688  65.910720   -100 -100.00 -100.00 -100.00
  38     1.642 55028.31498406 31.62  44.144051  65.911090 30.181 -100.00 -100.00 -100.00
  39     1.655 55038.23062431 44.91  44.125946  65.911296   -100 -100.00 -100.00 -100.00
  39     1.657 55038.23062490 46.94  44.132308  65.911666   -100 -100.00 -100.00 -100.00
  39     1.707 55038.23062549 51.10  44.138671  65.912036   -100 -100.00 -100.00 -100.00
  40     0.449 55048.14626490 33.14  44.124372  65.911512 25.570 -100.00 -100.00 -100.00
  40     0.068 55048.14626549 37.84  44.130735  65.911883   -100 -100.00 -100.00 -100.00
  40     0.733 55048.14626608 37.13  44.137098  65.912253   -100 -100.00 -100.00 -100.00
  40     0.156 55048.14626667 38.72  44.143460  65.912623   -100 -100.00 -100.00 -100.00
  41    -0.345 55058.06190353 44.09  44.123858  65.909926   -100 -100.00 -100.00 -100.00
  41    -0.424 55058.06190412 47.40  44.130219  65.910296   -100 -100.00 -100.00 -100.00
  41    -0.617 55058.06190471 50.47  44.136581  65.910667 29.589 -100.00 -100.00 -100.00
  41    -0.590 55058.06190530 53.25  44.142944  65.911037 18.454 -100.00 -100.00 -100.00
  42     0.402 55067.97754155 38.02  44.123862  65.907340 32.532 -100.00 -100.00 -100.00
  42     0.634 55067.97754214 37.89  44.130223  65.907711   -100 -100.00 -100.00 -100.00
  42     0.423 55067.97754273 41.80  44.136584  65.908081   -100 -100.00 -100.00 -100.00
  42     0.365 55067.97754332 41.57  44.142945  65.908451   -100 -100.00 -100.00 -100.00
  43     0.353 55077.89319204 35.14  44.128625  65.905946   -100 -100.00 -100.00 -100.00
  43     0.689 55077.89319263 34.87  44.134986  65.906316   -100 -100.00 -100.00 -100.00
  43     0.778 55077.89319322 36.41  44.141347  65.906686   -100 -100.00 -100.00 -100.00
  43     0.780 55077.89319381 36.90  44.147708  65.907056   -100 -100.00 -100.00 -100.00
  44     2.413 55087.80883973 42.05  44.128049  65.906232 25.245 -100.00 -100.00 -100.00
  44     1.721 55087.80884032 48.24  44.134410  65.906602 11.350 -100.00 -100.00 -100.00
  44     1.896 55087.80884091 51.05  44.140771  65.906971  2.840 -100.00 -100.00 -100.00
  44     1.735 55087.80884150 52.36  44.147132  65.907341 27.271 -100.00 -100.00 -100.00
  45     1.650 55097.72448576 38.43  44.125869  65.907733   -100 -100.00 -100.00 -100.00
  45     1.210 55097.72448635 38.35  44.132231  65.908103   -100 -100.00 -100.00 -100.00
  45     1.371 55097.72448694 40.33  44.138592  65.908473   -100 -100.00 -100.00 -100.00
  45     1.357 55097.72448753 40.39  44.144954  65.908843   -100 -100.00 -100.00 -100.00
  46    16.547 55107.64013175 34.84  44.128225  65.909109 23.049 -100.00 -100.00 -100.00
  46    15.806 55107.64013234 37.17  44.134587  65.909479   -100 -100.00 -100.00 -100.00
  46    15.362 55107.64013293 32.85  44.140949  65.909848 18.911 -100.00 -100.00 -100.00
  47    15.921 55117.55577629 33.15  44.123409  65.908227 20.617 -100.00 -100.00 -100.00
  47     0.396 55117.55577688 37.90  44.129771  65.908597   -100 -100.00 -100.00 -100.00
  47     0.473 55117.55577747 38.26  44.136134  65.908967   -100 -100.00 -100.00 -100.00
  47     0.441 55117.55577806 40.01  44.142496  65.909337   -100 -100.00 -100.00 -100.00
  48     0.950 55127.47141926 43.06  44.127106  65.906499 21.642 -100.00 -100.00 -100.00
  48     0.569 55127.47141985 46.21  44.133468  65.906869   -100 -100.00 -100.00 -100.00
  48     0.241 55127.47142044 52.12  44.139830  65.907239  3.758 -100.00 -100.00 -100.00
  48    -0.107 55127.47142103 53.65  44.146192  65.907609 27.612 -100.00 -100.00 -100.00
  49     1.802 55137.38705967 42.95  44.127234  65.905058 32.109 -100.00 -100.00 -100.00
  49     1.711 55137.38706026 46.36  44.133595  65.905428   -100 -100.00 -100.00 -100.00
  49     1.544 55137.38706085 50.16  44.139957  65.905798  1.326 -100.00 -100.00 -100.00
  49     1.584 55137.38706144 49.24  44.146319  65.906167   -100 -100.00 -100.00 -100.00
  50     2.323 55147.30269806 37.03  44.124797  65.905305 30.384 -100.00 -100.00 -100.00
  50     2.428 55147.30269865 39.13  44.131158  65.905676   -100 -100.00 -100.00 -100.00
  50     2.283 55147.30269924 42.07  44.137520  65.906046   -100 -100.00 -100.00 -100.00
  50     2.176 55147.30269983 44.00  44.143882  65.906415   -100 -100.00 -100.00 -100.00
  51     1.608 55157.21833616 41.12  44.125986  65.907340 30.687 -100.00 -100.00 -100.00
  51     1.460 55157.21833675 44.36  44.132348  65.907710   -100 -100.00 -100.00 -100.00
  51     1.402 55157.21833734 45.68  44.138710  65.908080   -100 -100.00 -100.00 -100.00
  51     1.050 55157.21833793 44.25  44.145073  65.908450 10.815 -100.00 -100.00 -100.00
  52     1.617 55167.13397432 40.73  44.128792  65.909099   -100 -100.00 -100.00 -100.00
  52     1.480 55167.13397491 44.04  44.135155  65.909469  0.909 -100.00 -100.00 -100.00
  52     1.468 55167.13397550 41.20  44.141517  65.909839   -100 -100.00 -100.00 -100.00
  53     0.814 55177.04961119 35.48  44.122892  65.909117 23.974 -100.00 -100.00 -100.00
  53     0.408 55177.04961178 38.06  44.129254  65.909488   -100 -100.00 -100.00 -100.00
  53     0.529 55177.04961237 41.70  44.135616  65.909858 27.713 -100.00 -100.00 -100.00
  53     0.538 55177.04961296 34.19  44.141978  65.910228  1.832 -100.00 -100.00 -100.00
  54     1.696 55186.96525484 29.08  44.127240  65.908571 31.110 -100.00 -100.00 -100.00
  54     1.489 55186.96525543 28.91  44.133602  65.908941   -100 -100.00 -100.00 -100.00
  54     1.345 55186.96525602 26.28  44.139964  65.909311 28.835 -100.00 -100.00 -100.00
  54     1.223 55186.96525661 24.63  44.146326  65.909681 23.825 -100.00 -100.00 -100.00
  55     1.268 55196.88090581 21.55  44.127722  65.908574 20.499 -100.00 -100.00 -100.00
  55    14.028 55196.88090640 17.60  44.134084  65.908945 11.322 -100.00 -100.00 -100.00
  55     1.369 55196.88090699 18.08  44.140446  65.909315 12.753 -100.00 -100.00 -100.00
  55     0.992 55196.88090758 21.10  44.146808  65.909684 19.406 -100.00 -100.00 -100.00
  56    15.123 55206.79655530 16.90  44.124254  65.909596 10.451 -100.00 -100.00 -100.00
  56    14.295 55206.79655589 17.10  44.130616  65.909966 10.981 -100.00 -100.00 -100.00
  56    14.114 55206.79655648 17.15  44.136979  65.910336 10.557 -100.00 -100.00 -100.00
  56     1.809 55206.79655707 17.38  44.143341  65.910706 10.517 -100.00 -100.00 -100.00
  57     1.785 55216.71220461 20.69  44.124839  65.911335 16.149 -100.00 -100.00 -100.00
  57     1.835 55216.71220520 21.73  44.131201  65.911705 19.547 -100.00 -100.00 -100.00
  57    15.385 55216.71220579 16.19  44.137564  65.912075  7.688 -100.00 -100.00 -100.00
  58     1.806 55226.62785314 21.26  44.123981  65.911748 15.580 -100.00 -100.00 -100.00
  58     1.759 55226.62785373 21.08  44.130344  65.912118 15.790 -100.00 -100.00 -100.00
  58    14.474 55226.62785432 19.70  44.136707  65.912488 12.831 -100.00 -100.00 -100.00
  58     1.868 55226.62785491 19.39  44.143071  65.912858 12.349 -100.00 -100.00 -100.00
  59    15.699 55236.54349908 17.81  44.123235  65.910051 10.349 -100.00 -100.00 -100.00
  59    14.891 55236.54349967 19.08  44.129598  65.910422 12.114 -100.00 -100.00 -100.00
  59     1.057 55236.54350026 20.40  44.135961  65.910791 15.303 -100.00 -100.00 -100.00
  59     0.943 55236.54350085 20.49  44.142324  65.911161 15.508 -100.00 -100.00 -100.00
  60    16.709 55246.45914198 15.74  44.127018  65.907411  7.515 -100.00 -100.00 -100.00
  60    16.281 55246.45914257 15.74  44.133380  65.907781  7.251 -100.00 -100.00 -100.00
  60    16.479 55246.45914316 14.94  44.139742  65.908151  6.087 -100.00 -100.00 -100.00
  60    14.130 55246.45914375 17.80  44.146105  65.908520 10.717 -100.00 -100.00 -100.00
  61    16.775 55256.37478197 12.86  44.127492  65.905484  4.930 -100.00 -100.00 -100.00
  61    16.617 55256.37478256 12.77  44.133853  65.905854  4.907 -100.00 -100.00 -100.00
  61    16.089 55256.37478315 13.35  44.140215  65.906223  6.037 -100.00 -100.00 -100.00
  61    15.262 55256.37478374 13.39  44.146578  65.906593  6.488 -100.00 -100.00 -100.00
  62    17.104 55266.29042056 10.96  44.124670  65.905842  4.255 -100.00 -100.00 -100.00
  62    16.943 55266.29042115 10.40  44.131032  65.906212  3.875 -100.00 -100.00 -100.00
  62    17.297 55266.29042174 10.66  44.137394  65.906582  4.178 -100.00 -100.00 -100.00
  62    16.432 55266.29042233 11.06  44.143756  65.906951  4.846 -100.00 -100.00 -100.00
  63    17.291 55276.20605863 10.00  44.123492  65.907863  4.033 -100.00 -100.00 -100.00
  63    17.208 55276.20605922 10.08  44.129854  65.908234  3.983 -100.00 -100.00 -100.00
  63    17.130 55276.20605981 10.48  44.136216  65.908603  4.801 -100.00 -100.00 -100.00
  63    16.051 55276.20606040 10.73  44.142579  65.908973  5.031 -100.00 -100.00 -100.00
  64     2.024 55286.12169604 24.36  44.126185  65.909142 30.921 -100.00 -100.00 -100.00
  64     2.035 55286.12169663 26.19  44.132547  65.909512   -100 -100.00 -100.00 -100.00
  64     2.078 55286.12169723 27.30  44.138909  65.909882   -100 -100.00 -100.00 -100.00
  64     2.033 55286.12169782 24.38  44.145272  65.910251 30.747 -100.00 -100.00 -100.00
  65     1.323 55296.03733093 26.59  44.124870  65.908004   -100 -100.00 -100.00 -100.00
  65     1.341 55296.03733152 25.59  44.131231  65.908375   -100 -100.00 -100.00 -100.00
  65     1.333 55296.03733211 25.70  44.137593  65.908745   -100 -100.00 -100.00 -100.00
  65     1.391 55296.03733270 25.75  44.143955  65.909115   -100 -100.00 -100.00 -100.00
  66    16.924 55305.95297063 23.18  44.123764  65.905605 15.676 -100.00 -100.00 -100.00
  66    16.445 55305.95297122 20.71  44.130125  65.905975 10.774 -100.00 -100.00 -100.00
  66    16.075 55305.95297181 21.82  44.136486  65.906345 15.828 -100.00 -100.00 -100.00
  66    15.556 55305.95297240 20.17  44.142847  65.906715 13.403 -100.00 -100.00 -100.00
  67     4.867 55315.86861784 38.69  44.127127  65.904530   -100 -100.00 -100.00 -100.00
  67     4.765 55315.86861843 37.58  44.133488  65.904901 32.592 -100.00 -100.00 -100.00
  67    15.485 55315.86861902 33.74  44.139848  65.905271 19.661 -100.00 -100.00 -100.00
  67     4.937 55315.86861961 36.82  44.146208  65.905640 27.390 -100.00 -100.00 -100.00
  68     3.114 55325.78426353 41.03  44.128857  65.905560 18.760 -100.00 -100.00 -100.00
  68     2.502 55325.78426412 48.40  44.135217  65.905930   -100 -100.00 -100.00 -100.00
  68     2.248 55325.78426471 43.00  44.141578  65.906300   -100 -100.00 -100.00 -100.00
  68     2.057 55325.78426530 44.00  44.147939  65.906669  0.272 -100.00 -100.00 -100.00
  69    15.528 55335.69990798 28.75  44.129209  65.907874 22.320 -100.00 -100.00 -100.00
  69    15.493 55335.69990857 26.98  44.135571  65.908244 15.022 -100.00 -100.00 -100.00
  69    14.996 55335.69990916 27.32  44.141932  65.908614 19.002 -100.00 -100.00 -100.00
  70     1.829 55345.61555144 45.13  44.123416  65.909374  9.577 -100.00 -100.00 -100.00
  70     2.104 55345.61555203 43.96  44.129778  65.909745   -100 -100.00 -100.00 -100.00
  70     1.999 55345.61555262 37.78  44.136140  65.910115   -100 -100.00 -100.00 -100.00
  70     1.805 55345.61555321 35.79  44.142502  65.910485   -100 -100.00 -100.00 -100.00
  71     0.531 55355.53119475 33.25  44.128096  65.909888   -100 -100.00 -100.00 -100.00
  71     0.688 55355.53119534 34.76  44.134458  65.910258   -100 -100.00 -100.00 -100.00
  71     1.077 55355.53119593 33.00  44.140820  65.910628 31.944 -100.00 -100.00 -100.00
  72     0.426 55365.44683541 35.45  44.126267  65.909234   -100 -100.00 -100.00 -100.00
  72     0.716 55365.44683600 34.10  44.132629  65.909605   -100 -100.00 -100.00 -100.00
  72     0.645 55365.44683659 35.00  44.138991  65.909975   -100 -100.00 -100.00 -100.00
  72     0.819 55365.44683718 35.94  44.145354  65.910344   -100 -100.00 -100.00 -100.00
  73     0.485 55375.36247465 32.31  44.125763  65.908790 26.138 -100.00 -100.00 -100.00
  73     0.649 55375.36247524 31.56  44.132125  65.909160 24.125 -100.00 -100.00 -100.00
  73     0.693 55375.36247583 32.85  44.138487  65.909530   -100 -100.00 -100.00 -100.00
  73     0.721 55375.36247642 33.74  44.144850  65.909900   -100 -100.00 -100.00 -100.00
  74    16.940 55385.27811275 27.21  44.124179  65.909247 13.042 -100.00 -100.00 -100.00
  74    16.168 55385.27811334 26.97  44.130541  65.909617 15.059 -100.00 -100.00 -100.00
  74    15.273 55385.27811393 27.08  44.136903  65.909987 19.505 -100.00 -100.00 -100.00
  74    13.903 55385.27811452 30.16  44.143266  65.910357 28.668 -100.00 -100.00 -100.00
  75    15.688 55395.19375044 25.80  44.127625  65.910271 18.891 -100.00 -100.00 -100.00
  75    14.504 55395.19375103 30.01  44.133987  65.910641   -100 -100.00 -100.00 -100.00
  75     3.474 55395.19375162 33.61  44.140349  65.911011   -100 -100.00 -100.00 -100.00
  76    15.144 55405.10938997 30.70  44.126950  65.910454   -100 -100.00 -100.00 -100.00
  76     1.673 55405.10939056 29.69  44.133312  65.910824   -100 -100.00 -100.00 -100.00
  76     2.050 55405.10939115 28.92  44.139674  65.911194 22.857 -100.00 -100.00 -100.00
  77     0.546 55415.02504151 33.02  44.128330  65.909360 29.552 -100.00 -100.00 -100.00
  77     0.594 55415.02504210 34.61  44.134691  65.909731   -100 -100.00 -100.00 -100.00
  77     0.651 55415.02504269 36.38  44.141053  65.910101   -100 -100.00 -100.00 -100.00
  78     1.225 55424.94068936 40.21  44.124049  65.906814 20.271 -100.00 -100.00 -100.00
  78     0.769 55424.94068995 42.09  44.130409  65.907184   -100 -100.00 -100.00 -100.00
  78     0.798 55424.94069054 39.95  44.136770  65.907554   -100 -100.00 -100.00 -100.00
  78     1.034 55424.94069113 38.65  44.143131  65.907924   -100 -100.00 -100.00 -100.00
  79     1.341 55434.85633555 34.00  44.129950  65.905397 24.145 -100.00 -100.00 -100.00
  79     1.121 55434.85633614 35.28  44.136311  65.905767 27.058 -100.00 -100.00 -100.00
  79     1.014 55434.85633673 37.99  44.142671  65.906136   -100 -100.00 -100.00 -100.00
  80     1.119 55444.77197971 34.62  44.128509  65.905642   -100 -100.00 -100.00 -100.00
  80     1.214 55444.77198030 33.78  44.134869  65.906012 30.429 -100.00 -100.00 -100.00
  80     1.123 55444.77198089 34.48  44.141230  65.906381   -100 -100.00 -100.00 -100.00
  80     1.074 55444.77198148 35.00  44.147591  65.906751   -100 -100.00 -100.00 -100.00
  81     3.170 55454.68762270 38.73  44.125128  65.907189 29.514 -100.00 -100.00 -100.00
  81     2.973 55454.68762329 40.17  44.131489  65.907559   -100 -100.00 -100.00 -100.00
  81     3.162 55454.68762388 41.10  44.137850  65.907929   -100 -100.00 -100.00 -100.00
  81     3.169 55454.68762447 41.92  44.144212  65.908299   -100 -100.00 -100.00 -100.00
  82    16.469 55464.60326546 31.01  44.127439  65.908916 16.486 -100.00 -100.00 -100.00
  82    16.013 55464.60326605 29.68  44.133801  65.909286 14.017 -100.00 -100.00 -100.00
  82    15.257 55464.60326664 31.24  44.140163  65.909656 16.538 -100.00 -100.00 -100.00
  82     2.327 55464.60326723 32.12  44.146525  65.910026 20.789 -100.00 -100.00 -100.00
  83     1.040 55474.51890518 40.10  44.126404  65.908370   -100 -100.00 -100.00 -100.00
  83     0.915 55474.51890577 35.67  44.132766  65.908741   -100 -100.00 -100.00 -100.00
  83     0.764 55474.51890636 37.69  44.139128  65.909111   -100 -100.00 -100.00 -100.00
  83     1.206 55474.51890695 36.06  44.145490  65.909480   -100 -100.00 -100.00 -100.00
  84    16.803 55484.43454212 31.81  44.128160  65.906395 15.818 -100.00 -100.00 -100.00
  84    15.771 55484.43454271 34.33  44.134522  65.906766 24.883 -100.00 -100.00 -100.00
  84     1.273 55484.43454331 34.42  44.140884  65.907136 23.025 -100.00 -100.00 -100.00
  84     0.908 55484.43454390 37.77  44.147246  65.907505   -100 -100.00 -100.00 -100.00
  85     0.413 55494.35017654 41.01  44.125198  65.904393 31.652 -100.00 -100.00 -100.00
  85     0.517 55494.35017713 44.14  44.131559  65.904764 31.490 -100.00 -100.00 -100.00
  85     0.051 55494.35017772 45.58  44.137921  65.905134   -100 -100.00 -100.00 -100.00
  85     0.051 55494.35017831 45.29  44.144283  65.905504   -100 -100.00 -100.00 -100.00
  86     0.589 55504.26581050 39.89  44.128292  65.905059 31.496 -100.00 -100.00 -100.00
  86     1.096 55504.26581109 38.60  44.134654  65.905429 28.075 -100.00 -100.00 -100.00
  86    15.120 55504.26581168 35.23  44.141016  65.905799 18.524 -100.00 -100.00 -100.00
  86     1.246 55504.26581227 37.47  44.147377  65.906169 27.162 -100.00 -100.00 -100.00
  87     3.158 55514.18145925 38.17  44.123952  65.907224 27.904 -100.00 -100.00 -100.00
  87     3.367 55514.18145984 39.08  44.130314  65.907594 26.530 -100.00 -100.00 -100.00
  87     3.351 55514.18146043 43.31  44.136676  65.907965   -100 -100.00 -100.00 -100.00
  87     3.094 55514.18146102 46.43  44.143038  65.908335  0.580 -100.00 -100.00 -100.00
  88     2.213 55524.09710931 34.03  44.128305  65.909712   -100 -100.00 -100.00 -100.00
  88     2.268 55524.09710990 33.77  44.134667  65.910082   -100 -100.00 -100.00 -100.00
  88     2.243 55524.09711049 35.58  44.141030  65.910452   -100 -100.00 -100.00 -100.00
  89    16.216 55534.01275713 18.42  44.128252  65.910401  5.843 -100.00 -100.00 -100.00
  89    15.863 55534.01275772 18.82  44.134614  65.910772  8.060 -100.00 -100.00 -100.00
  89    15.095 55534.01275831 18.97  44.140977  65.911142  8.646 -100.00 -100.00 -100.00
  90    16.447 55543.92840285 16.19  44.125922  65.909628  5.967 -100.00 -100.00 -100.00
  90    16.202 55543.92840344 15.51  44.132284  65.909998  5.621 -100.00 -100.00 -100.00
  90    15.625 55543.92840403 15.12  44.138646  65.910368  4.626 -100.00 -100.00 -100.00
  90    14.869 55543.92840462 15.38  44.145009  65.910738  5.425 -100.00 -100.00 -100.00
  91    16.512 55553.84404686 13.94  44.125848  65.909153  5.461 -100.00 -100.00 -100.00
  91    16.371 55553.84404745 14.55  44.132210  65.909523  5.502 -100.00 -100.00 -100.00
  91    15.943 55553.84404804 14.36  44.138572  65.909893  5.282 -100.00 -100.00 -100.00
  91    14.955 55553.84404863 15.50  44.144934  65.910263  6.398 -100.00 -100.00 -100.00
  92    16.764 55563.75969013 13.21  44.128998  65.909834  4.253 -100.00 -100.00 -100.00
  92    17.179 55563.75969072 13.21  44.135360  65.910204  4.010 -100.00 -100.00 -100.00
  92    17.861 55563.75969131 13.15  44.141723  65.910574  3.958 -100.00 -100.00 -100.00
  93    16.786 55573.67533236 13.01  44.127303  65.910401  4.145 -100.00 -100.00 -100.00
  93    17.024 55573.67533295 13.39  44.133666  65.910771  4.489 -100.00 -100.00 -100.00
  93    15.438 55573.67533354 14.99  44.140029  65.911141  7.040 -100.00 -100.00 -100.00
  94    17.131 55583.59097303 13.11  44.124269  65.909851  4.184 -100.00 -100.00 -100.00
  94    16.791 55583.59097362 12.63  44.130631  65.910221  3.738 -100.00 -100.00 -100.00
  94    16.721 55583.59097422 13.18  44.136994  65.910591  4.511 -100.00 -100.00 -100.00
  94    15.243 55583.59097481 14.49  44.143357  65.910961  5.809 -100.00 -100.00 -100.00
  95    17.315 55593.50661095 13.95  44.128655  65.908465  4.602 -100.00 -100.00 -100.00
  95    17.425 55593.50661154 13.98  44.135018  65.908836  4.357 -100.00 -100.00 -100.00
  95    18.008 55593.50661213 14.39  44.141380  65.909206  5.263 -100.00 -100.00 -100.00
  95    18.725 55593.50661272 14.41  44.147743  65.909575  5.568 -100.00 -100.00 -100.00
  96    16.995 55603.42224520 13.08  44.129759  65.906482  4.781 -100.00 -100.00 -100.00
  96    17.153 55603.42224579 13.09  44.136121  65.906852  5.586 -100.00 -100.00 -100.00
  96    18.080 55603.42224638 12.52  44.142483  65.907222  4.351 -100.00 -100.00 -100.00
  97    17.283 55613.33787677 11.83  44.124347  65.905061  4.200 -100.00 -100.00 -100.00
  97    16.703 55613.33787736 13.17  44.130709  65.905431  4.865 -100.00 -100.00 -100.00
  97    16.447 55613.33787795 12.43  44.137071  65.905802  4.140 -100.00 -100.00 -100.00
  97    17.262 55613.33787854 12.62  44.143432  65.906172  4.484 -100.00 -100.00 -100.00
  98    17.095 55623.25351363 13.56  44.127222  65.905647  8.214 -100.00 -100.00 -100.00
  98    17.794 55623.25351422 10.44  44.133584  65.906018  3.126 -100.00 -100.00 -100.00
  98    17.202 55623.25351481 11.44  44.139945  65.906388  5.121 -100.00 -100.00 -100.00
  98    18.148 55623.25351540 11.57  44.146307  65.906758  5.307 -100.00 -100.00 -100.00
  99    17.280 55633.16916649 10.59  44.127624  65.907181  4.348 -100.00 -100.00 -100.00
  99    17.547 55633.16916708 10.80  44.133986  65.907551  4.547 -100.00 -100.00 -100.00
  99    18.788 55633.16916767 10.13  44.140348  65.907921  3.465 -100.00 -100.00 -100.00
  99    17.852 55633.16916826 11.20  44.146710  65.908291  5.432 -100.00 -100.00 -100.00
 100     3.011 55643.08481710 24.93  44.128526  65.908004 24.867 -100.00 -100.00 -100.00
 100     3.545 55643.08481769 26.43  44.134888  65.908375 30.082 -100.00 -100.00 -100.00
 100     3.694 55643.08481828 27.25  44.141250  65.908745 29.151 -100.00 -100.00 -100.00
 100     3.778 55643.08481887 30.30  44.147612  65.909114   -100 -100.00 -100.00 -100.00
 101    17.050 55653.00046448 12.36  44.125804  65.907507  5.306 -100.00 -100.00 -100.00
 101    16.376 55653.00046507 13.53  44.132166  65.907877  7.383 -100.00 -100.00 -100.00
 101    16.349 55653.00046566 12.80  44.138527  65.908247  6.118 -100.00 -100.00 -100.00
 101    15.088 55653.00046625 14.05  44.144889  65.908617  7.907 -100.00 -100.00 -100.00
 102    16.040 55662.91610794 21.46  44.127386  65.906244 11.756 -100.00 -100.00 -100.00
 102    15.736 55662.91610853 21.87  44.133747  65.906615 12.290 -100.00 -100.00 -100.00
 102    15.356 55662.91610912 21.65  44.140107  65.906985 13.375 -100.00 -100.00 -100.00
 102    14.979 55662.91610971 18.72  44.146469  65.907354  8.389 -100.00 -100.00 -100.00
 103    16.863 55672.83174795 29.37  44.123813  65.905415 14.982 -100.00 -100.00 -100.00
 103    16.672 55672.83174854 27.93  44.130173  65.905785 13.013 -100.00 -100.00 -100.00
 103    17.072 55672.83174913 26.61  44.136534  65.906155  9.277 -100.00 -100.00 -100.00
 103    17.854 55672.83174972 26.86  44.142895  65.906525 11.196 -100.00 -100.00 -100.00
 104    17.388 55682.74738698 30.38  44.125099  65.906111 11.474 -100.00 -100.00 -100.00
 104    17.462 55682.74738757 29.20  44.131460  65.906481  9.187 -100.00 -100.00 -100.00
 104    16.883 55682.74738816 30.24  44.137821  65.906851 13.290 -100.00 -100.00 -100.00
 104    14.894 55682.74738875 32.65  44.144182  65.907221 20.363 -100.00 -100.00 -100.00
 105    16.776 55692.66302477 27.85  44.128487  65.907935 13.311 -100.00 -100.00 -100.00
 105    16.045 55692.66302536 26.85  44.134849  65.908305 11.275 -100.00 -100.00 -100.00
 105    15.675 55692.66302595 26.49  44.141210  65.908675 11.085 -100.00 -100.00 -100.00
 105    14.798 55692.66302654 27.80  44.147572  65.909045 13.800 -100.00 -100.00 -100.00
 106    15.970 55702.57866058 27.33  44.127487  65.909257 18.245 -100.00 -100.00 -100.00
 106     3.953 55702.57866117 32.51  44.133849  65.909628   -100 -100.00 -100.00 -100.00
 106     4.048 55702.57866176 35.55  44.140211  65.909998   -100 -100.00 -100.00 -100.00
 107    16.078 55712.49430359 26.56  44.124107  65.909613 21.333 -100.00 -100.00 -100.00
 107    15.577 55712.49430418 25.57  44.130469  65.909984 19.904 -100.00 -100.00 -100.00
 107    15.016 55712.49430477 24.71  44.136831  65.910354 18.206 -100.00 -100.00 -100.00
 107    14.507 55712.49430536 22.44  44.143193  65.910725 11.531 -100.00 -100.00 -100.00
 108     0.704 55722.40995334 35.82  44.127164  65.909721   -100 -100.00 -100.00 -100.00
 108     0.716 55722.40995393 39.01  44.133526  65.910091  3.027 -100.00 -100.00 -100.00
 108     0.655 55722.40995452 37.31  44.139889  65.910461   -100 -100.00 -100.00 -100.00
 109     0.473 55732.32560058 34.44  44.124914  65.909565   -100 -100.00 -100.00 -100.00
 109     0.461 55732.32560117 36.31  44.131276  65.909935   -100 -100.00 -100.00 -100.00
 109     0.574 55732.32560176 38.58  44.137639  65.910305   -100 -100.00 -100.00 -100.00
 109     0.476 55732.32560235 40.06  44.144001  65.910675   -100 -100.00 -100.00 -100.00
 110    -0.420 55742.24124701 38.42  44.127660  65.909853   -100 -100.00 -100.00 -100.00
 110    -0.176 55742.24124760 41.40  44.134022  65.910224   -100 -100.00 -100.00 -100.00
 110     0.202 55742.24124819 39.63  44.140385  65.910594   -100 -100.00 -100.00 -100.00
 111     0.065 55752.15689191 43.50  44.127918  65.909847 22.705 -100.00 -100.00 -100.00
 111    -0.816 55752.15689250 48.74  44.134280  65.910217 17.928 -100.00 -100.00 -100.00
 111    -0.820 55752.15689309 52.78  44.140642  65.910587 26.102 -100.00 -100.00 -100.00
 112     1.355 55762.07253443 30.35  44.127698  65.909039 24.661 -100.00 -100.00 -100.00
 112     1.746 55762.07253502 29.97  44.134060  65.909409 25.357 -100.00 -100.00 -100.00
 112     1.879 55762.07253561 32.51  44.140421  65.909779   -100 -100.00 -100.00 -100.00
 112     2.439 55762.07253620 36.56  44.146783  65.910149 31.459 -100.00 -100.00 -100.00
 113    16.027 55771.98817379 25.12  44.124094  65.907526 17.744 -100.00 -100.00 -100.00
 113    15.333 55771.98817438 25.11  44.130454  65.907897 23.775 -100.00 -100.00 -100.00
 113     2.151 55771.98817497 27.10  44.136816  65.908267   -100 -100.00 -100.00 -100.00
 113     2.371 55771.98817556 27.29  44.143177  65.908637 31.342 -100.00 -100.00 -100.00
 114     0.992 55781.90381000 36.79  44.124256  65.906021   -100 -100.00 -100.00 -100.00
 114     1.295 55781.90381059 35.75  44.130617  65.906391   -100 -100.00 -100.00 -100.00
 114     1.457 55781.90381118 34.73  44.136977  65.906761   -100 -100.00 -100.00 -100.00
 114     1.454 55781.90381177 36.32  44.143338  65.907131   -100 -100.00 -100.00 -100.00
 115     1.458 55791.81944415 34.82  44.129903  65.905890   -100 -100.00 -100.00 -100.00
 115     1.224 55791.81944475 35.12  44.136264  65.906261 30.837 -100.00 -100.00 -100.00
 115     0.956 55791.81944534 38.32  44.142624  65.906631   -100 -100.00 -100.00 -100.00
 116     0.958 55801.73507663 31.53  44.124246  65.905985 24.680 -100.00 -100.00 -100.00
 116     1.259 55801.73507722 31.96  44.130607  65.906355 26.030 -100.00 -100.00 -100.00
 116     1.288 55801.73507781 34.47  44.136968  65.906726 30.556 -100.00 -100.00 -100.00
 116     0.893 55801.73507840 37.01  44.143329  65.907096   -100 -100.00 -100.00 -100.00
 117    -0.190 55811.65072729 43.72  44.129262  65.907335 31.904 -100.00 -100.00 -100.00
 117    -0.476 55811.65072788 48.59  44.135623  65.907705  3.969 -100.00 -100.00 -100.00
 117    -0.462 55811.65072847 44.55  44.141985  65.908075   -100 -100.00 -100.00 -100.00
 118    15.645 55821.56637590 23.38  44.129200  65.907671 13.193 -100.00 -100.00 -100.00
 118    15.296 55821.56637649 23.17  44.135562  65.908042 12.562 -100.00 -100.00 -100.00
 118    14.045 55821.56637708 25.65  44.141924  65.908412 19.327 -100.00 -100.00 -100.00
 119     3.789 55831.48201925 34.36  44.124354  65.906798 30.882 -100.00 -100.00 -100.00
 119     3.614 55831.48201984 34.12  44.130715  65.907168   -100 -100.00 -100.00 -100.00
 119     3.812 55831.48202043 37.61  44.137077  65.907539   -100 -100.00 -100.00 -100.00
 119     3.592 55831.48202102 37.26  44.143439  65.907909   -100 -100.00 -100.00 -100.00
 120     1.334 55841.39765868 31.34  44.126501  65.905924 27.216 -100.00 -100.00 -100.00
 120     1.535 55841.39765927 31.22  44.132863  65.906295 26.017 -100.00 -100.00 -100.00
 120     1.549 55841.39765986 34.14  44.139225  65.906665   -100 -100.00 -100.00 -100.00
 120     1.668 55841.39766045 33.78  44.145587  65.907035   -100 -100.00 -100.00 -100.00
 121     1.192 55851.31329511 41.46  44.129187  65.905839   -100 -100.00 -100.00 -100.00
 121     0.729 55851.31329570 45.24  44.135549  65.906210 11.334 -100.00 -100.00 -100.00
 121     1.117 55851.31329629 41.03  44.141910  65.906580   -100 -100.00 -100.00 -100.00
 121     1.191 55851.31329688 40.86  44.148272  65.906950   -100 -100.00 -100.00 -100.00
 122     1.087 55861.22892882 33.15  44.124668  65.906671 25.471 -100.00 -100.00 -100.00
 122     1.284 55861.22892941 34.15  44.131030  65.907042 28.859 -100.00 -100.00 -100.00
 122     1.232 55861.22893001 35.19  44.137392  65.907412 31.935 -100.00 -100.00 -100.00
 122     1.505 55861.22893060 34.85  44.143754  65.907782 29.272 -100.00 -100.00 -100.00
 123     0.188 55871.14458199 42.48  44.125557  65.908471   -100 -100.00 -100.00 -100.00
 123    -0.003 55871.14458259 44.76  44.131919  65.908841   -100 -100.00 -100.00 -100.00
 123    -0.237 55871.14458318 45.10  44.138281  65.909211 12.026 -100.00 -100.00 -100.00
 123     0.005 55871.14458377 49.63  44.144644  65.909581   -100 -100.00 -100.00 -100.00
 133    16.890 55970.30102207 15.34  44.127350  65.906528  5.344 -100.00 -100.00 -100.00
 133    17.027 55970.30102266 15.31  44.133712  65.906899  4.831 -100.00 -100.00 -100.00
 133    17.735 55970.30102325 15.02  44.140074  65.907269  4.789 -100.00 -100.00 -100.00
 133    19.280 55970.30102384 14.29  44.146436  65.907638  3.764 -100.00 -100.00 -100.00
 134    15.898 55980.21665805 17.67  44.124306  65.907503  9.034 -100.00 -100.00 -100.00
 134     1.983 55980.21665864 21.42  44.130668  65.907874 16.188 -100.00 -100.00 -100.00
 134    14.184 55980.21665923 19.81  44.137030  65.908244 12.992 -100.00 -100.00 -100.00
 134     2.125 55980.21665982 21.98  44.143392  65.908614 17.139 -100.00 -100.00 -100.00
 135    17.275 55990.13229353 12.18  44.126473  65.907713  3.290 -100.00 -100.00 -100.00
 135    17.092 55990.13229412 12.43  44.132835  65.908083  3.344 -100.00 -100.00 -100.00
 135    17.598 55990.13229471 12.61  44.139197  65.908454  3.832 -100.00 -100.00 -100.00
 135    18.722 55990.13229530 12.57  44.145559  65.908823  4.077 -100.00 -100.00 -100.00
 136    17.046 56000.04793743 11.43  44.126414  65.907015  3.975 -100.00 -100.00 -100.00
 136    17.561 56000.04793802 11.56  44.132776  65.907386  3.437 -100.00 -100.00 -100.00
 136    17.567 56000.04793861 11.45  44.139137  65.907756  3.598 -100.00 -100.00 -100.00
 136    18.250 56000.04793920 11.85  44.145499  65.908126  4.037 -100.00 -100.00 -100.00
 137    17.554 56009.96358797 11.93  44.125736  65.906056  3.327 -100.00 -100.00 -100.00
 137    17.363 56009.96358856 12.35  44.132097  65.906426  4.162 -100.00 -100.00 -100.00
 137    18.008 56009.96358915 12.33  44.138458  65.906796  3.749 -100.00 -100.00 -100.00
 137    19.545 56009.96358974 12.19  44.144819  65.907166  3.249 -100.00 -100.00 -100.00
 138    14.732 56019.87923444 18.30  44.124566  65.905873 11.042 -100.00 -100.00 -100.00
 138    15.273 56019.87923504 18.63  44.130926  65.906244 11.274 -100.00 -100.00 -100.00
 138    14.667 56019.87923563 18.59  44.137287  65.906614 10.687 -100.00 -100.00 -100.00
 138     1.987 56019.87923622 22.86  44.143648  65.906984 20.247 -100.00 -100.00 -100.00
 139    16.818 56029.79487845 14.94  44.128144  65.907060  5.215 -100.00 -100.00 -100.00
 139     3.653 56029.79487904 19.28  44.134505  65.907431 11.820 -100.00 -100.00 -100.00
 139     4.066 56029.79487963 20.23  44.140866  65.907800 12.759 -100.00 -100.00 -100.00
 139     4.213 56029.79488022 19.98  44.147228  65.908170 11.977 -100.00 -100.00 -100.00
 141    16.875 56049.62616004 31.37  44.128489  65.909652 10.091 -100.00 -100.00 -100.00
 141    15.757 56049.62616063 34.46  44.134850  65.910022 19.032 -100.00 -100.00 -100.00
 141     4.364 56049.62616122 36.80  44.141213  65.910392 26.175 -100.00 -100.00 -100.00
 142     1.503 56059.54179699 47.93  44.127227  65.909849   -100 -100.00 -100.00 -100.00
 142     1.361 56059.54179758 49.78  44.133590  65.910220   -100 -100.00 -100.00 -100.00
 142     1.432 56059.54179817 52.77  44.139952  65.910590  3.908 -100.00 -100.00 -100.00
 143    16.187 56069.45743178 27.95  44.124301  65.909027 20.432 -100.00 -100.00 -100.00
 143    16.295 56069.45743237 24.96  44.130663  65.909397 10.911 -100.00 -100.00 -100.00
 143    15.351 56069.45743296 26.69  44.137025  65.909768 17.602 -100.00 -100.00 -100.00
 143    14.554 56069.45743355 26.23  44.143387  65.910138 17.661 -100.00 -100.00 -100.00
 144    16.740 56079.37308316 28.52  44.127514  65.909277 15.545 -100.00 -100.00 -100.00
 144    16.048 56079.37308375 30.94  44.133876  65.909647 23.936 -100.00 -100.00 -100.00
 144    15.538 56079.37308434 26.85  44.140239  65.910018 11.700 -100.00 -100.00 -100.00
 145    16.553 56089.28873111 28.83  44.123215  65.909596 17.333 -100.00 -100.00 -100.00
 145    15.160 56089.28873170 29.64  44.129577  65.909966 19.703 -100.00 -100.00 -100.00
 145    14.705 56089.28873229 30.35  44.135939  65.910336 23.091 -100.00 -100.00 -100.00
 145     1.494 56089.28873288 31.76  44.142302  65.910706 27.547 -100.00 -100.00 -100.00
 146     1.252 56099.20437725 37.52  44.126221  65.910481   -100 -100.00 -100.00 -100.00
 146     1.011 56099.20437784 31.96  44.132583  65.910851 32.252 -100.00 -100.00 -100.00
 146     1.032 56099.20437843 36.91  44.138945  65.911221   -100 -100.00 -100.00 -100.00
 147     0.075 56109.12000913 31.55  44.126491  65.909953 24.820 -100.00 -100.00 -100.00
 147     0.258 56109.12000972 32.97  44.132853  65.910323 28.930 -100.00 -100.00 -100.00
 147     0.276 56109.12001031 34.96  44.139215  65.910693   -100 -100.00 -100.00 -100.00
 148     0.137 56119.03564980 41.68  44.128768  65.908151   -100 -100.00 -100.00 -100.00
 148     0.032 56119.03565039 38.33  44.135130  65.908521   -100 -100.00 -100.00 -100.00
 148     0.050 56119.03565098 43.38  44.141491  65.908891   -100 -100.00 -100.00 -100.00
 148     0.282 56119.03565157 44.79  44.147853  65.909261   -100 -100.00 -100.00 -100.00
 149    16.820 56128.95128640 29.47  44.126643  65.905830 15.624 -100.00 -100.00 -100.00
 149    16.093 56128.95128699 29.39  44.133003  65.906200 13.061 -100.00 -100.00 -100.00
 149     1.197 56128.95128758 32.47  44.139364  65.906571 22.754 -100.00 -100.00 -100.00
 149     1.468 56128.95128817 31.80  44.145725  65.906940 19.962 -100.00 -100.00 -100.00
 150     3.177 56138.86691970 36.91  44.124750  65.904795 26.768 -100.00 -100.00 -100.00
 150     2.903 56138.86692029 36.36  44.131110  65.905166 26.339 -100.00 -100.00 -100.00
 150     3.060 56138.86692088 35.92  44.137470  65.905536 23.867 -100.00 -100.00 -100.00
 150     3.263 56138.86692147 39.48  44.143830  65.905906   -100 -100.00 -100.00 -100.00
 151    16.853 56148.78256839 32.44  44.127879  65.906396 10.977 -100.00 -100.00 -100.00
 151    16.226 56148.78256898 33.89  44.134239  65.906766 18.133 -100.00 -100.00 -100.00
 151    15.246 56148.78256957 35.95  44.140600  65.907136 24.790 -100.00 -100.00 -100.00
 151    14.672 56148.78257016 34.82  44.146961  65.907506 18.725 -100.00 -100.00 -100.00
 152    16.360 56158.69821762 36.10  44.128579  65.908342   -100 -100.00 -100.00 -100.00
 152    15.831 56158.69821821 34.04  44.134940  65.908712 24.270 -100.00 -100.00 -100.00
 152    14.884 56158.69821880 34.21  44.141302  65.909082 24.732 -100.00 -100.00 -100.00
 152     1.255 56158.69821939 37.14  44.147664  65.909452   -100 -100.00 -100.00 -100.00
 153     0.410 56168.61386544 31.64  44.127077  65.908871 27.388 -100.00 -100.00 -100.00
 153     0.670 56168.61386603 33.08  44.133439  65.909241 30.496 -100.00 -100.00 -100.00
 153     0.559 56168.61386662 34.13  44.139801  65.909611   -100 -100.00 -100.00 -100.00
 153     0.879 56168.61386721 33.10  44.146163  65.909981 30.295 -100.00 -100.00 -100.00
 154    -0.078 56178.52951033 41.46  44.127467  65.907658   -100 -100.00 -100.00 -100.00
 154     0.096 56178.52951092 42.63  44.133829  65.908028   -100 -100.00 -100.00 -100.00
 154     0.054 56178.52951151 44.85  44.140191  65.908398   -100 -100.00 -100.00 -100.00
 154     0.131 56178.52951210 46.74  44.146553  65.908768 30.263 -100.00 -100.00 -100.00
 155     0.829 56188.44515058 34.71  44.125603  65.905945   -100 -100.00 -100.00 -100.00
 155     0.493 56188.44515117 34.85  44.131965  65.906316   -100 -100.00 -100.00 -100.00
 155     0.743 56188.44515176 37.30  44.138326  65.906686   -100 -100.00 -100.00 -100.00
 155     0.800 56188.44515235 35.65  44.144688  65.907056 31.780 -100.00 -100.00 -100.00
 156    17.076 56198.36078752 30.02  44.123992  65.905431 17.194 -100.00 -100.00 -100.00
 156    16.632 56198.36078811 29.68  44.130354  65.905802 15.352 -100.00 -100.00 -100.00
 156    16.444 56198.36078870 27.25  44.136715  65.906172 10.504 -100.00 -100.00 -100.00
 156    17.900 56198.36078929 27.77  44.143077  65.906542 10.880 -100.00 -100.00 -100.00
 157     1.845 56208.27642216 40.62  44.127756  65.907121 30.274 -100.00 -100.00 -100.00
 157     1.467 56208.27642275 37.78  44.134118  65.907491 27.579 -100.00 -100.00 -100.00
 157     1.841 56208.27642334 36.30  44.140480  65.907862 24.533 -100.00 -100.00 -100.00
 157     1.930 56208.27642393 43.39  44.146842  65.908231   -100 -100.00 -100.00 -100.00
 158    16.682 56218.19205448 35.75  44.124421  65.909029 24.167 -100.00 -100.00 -100.00
 158    16.424 56218.19205507 33.99  44.130783  65.909400 21.079 -100.00 -100.00 -100.00
 158    15.897 56218.19205566 33.28  44.137146  65.909770 16.501 -100.00 -100.00 -100.00
 158    15.184 56218.19205625 32.14  44.143508  65.910140 15.040 -100.00 -100.00 -100.00
 159    14.956 56228.10769991 32.41  44.127780  65.910553 28.861 -100.00 -100.00 -100.00
 159    14.547 56228.10770050 30.21  44.134143  65.910923 21.378 -100.00 -100.00 -100.00
 159     1.510 56228.10770109 31.35  44.140505  65.911293 24.745 -100.00 -100.00 -100.00
 160    -0.039 56238.02335410 40.78  44.127796  65.910243   -100 -100.00 -100.00 -100.00
 160    -0.129 56238.02335469 42.85  44.134159  65.910613   -100 -100.00 -100.00 -100.00
 160    -0.168 56238.02335528 45.97  44.140521  65.910983   -100 -100.00 -100.00 -100.00
 161     1.083 56247.93900420 40.78  44.125541  65.909234 24.013 -100.00 -100.00 -100.00
 161     0.653 56247.93900479 45.08  44.131902  65.909605   -100 -100.00 -100.00 -100.00
 161     0.292 56247.93900538 49.22  44.138265  65.909975 30.676 -100.00 -100.00 -100.00
 161     0.347 56247.93900597 41.79  44.144627  65.910345   -100 -100.00 -100.00 -100.00
 162     1.201 56257.85464951 40.02  44.125078  65.908774 29.315 -100.00 -100.00 -100.00
 162     1.347 56257.85465010 42.02  44.131440  65.909145 27.879 -100.00 -100.00 -100.00
 162     0.856 56257.85465069 45.92  44.137801  65.909515   -100 -100.00 -100.00 -100.00
 162     0.922 56257.85465128 41.82  44.144164  65.909885   -100 -100.00 -100.00 -100.00
 163    14.698 56267.77029193 28.38  44.127910  65.909730 26.931 -100.00 -100.00 -100.00
 163    14.447 56267.77029252 26.49  44.134272  65.910101 23.297 -100.00 -100.00 -100.00
 163    13.488 56267.77029311 27.74  44.140634  65.910471 28.774 -100.00 -100.00 -100.00
 164    15.549 56277.68593209 22.82  44.124514  65.910225 17.402 -100.00 -100.00 -100.00
 164    14.935 56277.68593268 24.79  44.130877  65.910596 22.903 -100.00 -100.00 -100.00
 164    14.745 56277.68593327 23.62  44.137239  65.910966 20.598 -100.00 -100.00 -100.00
 164    14.517 56277.68593386 20.75  44.143602  65.911335 13.582 -100.00 -100.00 -100.00
 165    15.892 56287.60158084 17.91  44.127860  65.910196 10.515 -100.00 -100.00 -100.00
 165    15.125 56287.60158143 18.30  44.134222  65.910567 10.758 -100.00 -100.00 -100.00
 165    14.811 56287.60158202 19.00  44.140585  65.910937 11.909 -100.00 -100.00 -100.00
 166    15.442 56297.51723007 18.60  44.128147  65.908190 12.976 -100.00 -100.00 -100.00
 166    15.045 56297.51723066 18.14  44.134510  65.908560 12.478 -100.00 -100.00 -100.00
 166    15.091 56297.51723125 16.05  44.140872  65.908930  7.531 -100.00 -100.00 -100.00
 166    14.456 56297.51723184 16.24  44.147235  65.909300  7.314 -100.00 -100.00 -100.00
 167    16.588 56307.43287501 18.08  44.124880  65.905764  8.907 -100.00 -100.00 -100.00
 167    16.367 56307.43287560 17.09  44.131242  65.906134  7.406 -100.00 -100.00 -100.00
 167    16.023 56307.43287619 17.72  44.137604  65.906504  8.863 -100.00 -100.00 -100.00
 167    15.435 56307.43287678 17.25  44.143966  65.906874  6.932 -100.00 -100.00 -100.00
 168    16.626 56317.34851747 14.82  44.124564  65.905044  6.311 -100.00 -100.00 -100.00
 168    16.131 56317.34851806 15.17  44.130926  65.905414  7.697 -100.00 -100.00 -100.00
 168    15.772 56317.34851865 15.46  44.137288  65.905784  8.341 -100.00 -100.00 -100.00
 168    15.415 56317.34851924 14.42  44.143650  65.906154  6.142 -100.00 -100.00 -100.00
 169    16.725 56327.26415847 15.28  44.123579  65.906636  6.596 -100.00 -100.00 -100.00
 169    16.829 56327.26415906 15.30  44.129941  65.907006  6.084 -100.00 -100.00 -100.00
 169    16.286 56327.26415965 16.02  44.136303  65.907376  7.428 -100.00 -100.00 -100.00
 169    17.150 56327.26416024 14.54  44.142665  65.907746  5.375 -100.00 -100.00 -100.00
 170    17.292 56337.17979860 17.78  44.124159  65.908626  5.108 -100.00 -100.00 -100.00
 170    16.724 56337.17979919 18.62  44.130521  65.908996  6.460 -100.00 -100.00 -100.00
 170    17.413 56337.17979978 17.57  44.136883  65.909366  4.426 -100.00 -100.00 -100.00
 170    17.917 56337.17980037 17.83  44.143246  65.909736  4.171 -100.00 -100.00 -100.00
 171    17.012 56347.09543740 16.04  44.128788  65.909372  4.469 -100.00 -100.00 -100.00
 171    17.064 56347.09543799 16.10  44.135151  65.909742  4.812 -100.00 -100.00 -100.00
 171    18.264 56347.09543858 16.09  44.141513  65.910112  4.747 -100.00 -100.00 -100.00
 172    17.292 56357.01107296 13.34  44.126807  65.907709  3.924 -100.00 -100.00 -100.00
 172    17.517 56357.01107355 13.77  44.133168  65.908079  4.321 -100.00 -100.00 -100.00
 172    17.985 56357.01107414 13.61  44.139530  65.908450  4.474 -100.00 -100.00 -100.00
 172    19.262 56357.01107473 13.55  44.145891  65.908820  4.065 -100.00 -100.00 -100.00
 173    17.312 56366.92672118 12.04  44.126877  65.906051  3.871 -100.00 -100.00 -100.00
 173    17.126 56366.92672177 12.15  44.133238  65.906421  4.048 -100.00 -100.00 -100.00
 173    17.781 56366.92672236 12.15  44.139599  65.906791  3.710 -100.00 -100.00 -100.00
 173    18.903 56366.92672295 11.76  44.145961  65.907161  4.079 -100.00 -100.00 -100.00
 176    10.795 56396.67365910 18.01  44.128293  65.910520 13.118 -100.00 -100.00 -100.00
 176     2.041 56396.67365969 21.32  44.134656  65.910890 21.592 -100.00 -100.00 -100.00
 176     3.272 56396.67366028 18.63  44.141018  65.911260 14.295 -100.00 -100.00 -100.00
 177    16.465 56406.58930012 35.41  44.124637  65.911471 20.814 -100.00 -100.00 -100.00
 177    16.065 56406.58930071 34.20  44.131000  65.911842 19.418 -100.00 -100.00 -100.00
 177     2.296 56406.58930130 38.04  44.137362  65.912212   -100 -100.00 -100.00 -100.00
 177    14.458 56406.58930189 35.52  44.143725  65.912581 23.915 -100.00 -100.00 -100.00
 178    16.486 56416.50493784 34.56  44.124734  65.910845 16.527 -100.00 -100.00 -100.00
 178    15.957 56416.50493843 35.63  44.131097  65.911215 18.429 -100.00 -100.00 -100.00
 178     3.940 56416.50493902 36.93  44.137459  65.911585 25.833 -100.00 -100.00 -100.00
 178     3.969 56416.50493961 38.50  44.143822  65.911955 32.179 -100.00 -100.00 -100.00
 179     1.619 56426.42057087 39.61  44.125785  65.909142   -100 -100.00 -100.00 -100.00
 179     1.383 56426.42057146 34.38  44.132147  65.909512 21.067 -100.00 -100.00 -100.00
 179     1.510 56426.42057205 35.56  44.138509  65.909883 25.401 -100.00 -100.00 -100.00
 179     1.534 56426.42057264 36.50  44.144871  65.910253 29.468 -100.00 -100.00 -100.00
 180     0.881 56436.33622159 44.08  44.128577  65.908657   -100 -100.00 -100.00 -100.00
 180     0.807 56436.33622218 49.98  44.134938  65.909028   -100 -100.00 -100.00 -100.00
 180     0.509 56436.33622277 46.83  44.141301  65.909398 23.041 -100.00 -100.00 -100.00
 180     0.721 56436.33622336 39.65  44.147663  65.909767   -100 -100.00 -100.00 -100.00
 181     2.221 56446.25187333 46.03  44.128661  65.909292   -100 -100.00 -100.00 -100.00
 181     2.292 56446.25187392 46.28  44.135023  65.909662   -100 -100.00 -100.00 -100.00
 181     2.309 56446.25187451 49.25  44.141385  65.910032   -100 -100.00 -100.00 -100.00
 182    15.120 56456.16752231 30.51  44.123997  65.910194 26.928 -100.00 -100.00 -100.00
 182    15.293 56456.16752290 28.13  44.130359  65.910564 18.839 -100.00 -100.00 -100.00
 182     1.698 56456.16752349 27.88  44.136721  65.910934 20.281 -100.00 -100.00 -100.00
 182     1.629 56456.16752408 28.48  44.143084  65.911304 22.801 -100.00 -100.00 -100.00
 183     1.248 56466.08316852 41.93  44.123593  65.910032   -100 -100.00 -100.00 -100.00
 183     1.239 56466.08316911 36.08  44.129955  65.910402   -100 -100.00 -100.00 -100.00
 183     0.698 56466.08316970 39.24  44.136317  65.910772  1.805 -100.00 -100.00 -100.00
 183     0.932 56466.08317029 38.34  44.142679  65.911142   -100 -100.00 -100.00 -100.00
 184     1.007 56475.99881116 42.89  44.126927  65.908433 23.485 -100.00 -100.00 -100.00
 184     0.575 56475.99881175 47.80  44.133288  65.908803   -100 -100.00 -100.00 -100.00
 184     0.536 56475.99881234 51.94  44.139650  65.909173   -100 -100.00 -100.00 -100.00
 184     0.370 56475.99881293 51.97  44.146012  65.909542   -100 -100.00 -100.00 -100.00
 185     0.823 56485.91444996 41.91  44.127420  65.906068 21.170 -100.00 -100.00 -100.00
 185    -0.211 56485.91445055 43.14  44.133781  65.906438   -100 -100.00 -100.00 -100.00
 185    -0.076 56485.91445114 44.57  44.140142  65.906808  8.673 -100.00 -100.00 -100.00
 185    -0.189 56485.91445173 43.28  44.146503  65.907178  4.329 -100.00 -100.00 -100.00
 187     1.014 56505.74572054 42.74  44.128490  65.906448   -100 -100.00 -100.00 -100.00
 187     1.232 56505.74572113 44.02  44.134851  65.906819   -100 -100.00 -100.00 -100.00
 187     1.655 56505.74572172 44.81  44.141212  65.907189 26.569 -100.00 -100.00 -100.00
 187     1.178 56505.74572231 47.20  44.147573  65.907558   -100 -100.00 -100.00 -100.00
 188     1.542 56515.66135347 31.31  44.127177  65.908296 23.021 -100.00 -100.00 -100.00
 188     1.825 56515.66135406 35.13  44.133539  65.908667   -100 -100.00 -100.00 -100.00
 188     2.175 56515.66135465 33.20  44.139900  65.909037 25.704 -100.00 -100.00 -100.00
 188     2.174 56515.66135524 38.64  44.146262  65.909407   -100 -100.00 -100.00 -100.00
 189     1.984 56525.57700815 45.04  44.128398  65.909327  3.222 -100.00 -100.00 -100.00
 189     1.926 56525.57700874 46.17  44.134760  65.909698  2.088 -100.00 -100.00 -100.00
 189     2.013 56525.57700933 39.47  44.141123  65.910068   -100 -100.00 -100.00 -100.00
 190    15.750 56535.49265859 28.98  44.125263  65.908215 16.582 -100.00 -100.00 -100.00
 190    15.123 56535.49265918 30.14  44.131625  65.908586 22.430 -100.00 -100.00 -100.00
 190     0.953 56535.49265977 32.37  44.137987  65.908956   -100 -100.00 -100.00 -100.00
 190     1.051 56535.49266036 32.50  44.144349  65.909326 31.455 -100.00 -100.00 -100.00
 192     0.499 56555.32394994 41.74  44.127724  65.906659 26.707 -100.00 -100.00 -100.00
 192     0.157 56555.32395053 46.85  44.134086  65.907029   -100 -100.00 -100.00 -100.00
 192    -0.263 56555.32395113 48.82  44.140448  65.907399 21.854 -100.00 -100.00 -100.00
 192    -0.385 56555.32395172 52.29  44.146810  65.907769 25.270 -100.00 -100.00 -100.00
 193    15.732 56565.23959236 26.50  44.123364  65.908098 17.159 -100.00 -100.00 -100.00
 193     0.044 56565.23959295 29.92  44.129726  65.908469 28.973 -100.00 -100.00 -100.00
 193     0.244 56565.23959354 29.87  44.136088  65.908839 28.732 -100.00 -100.00 -100.00
 193     0.371 56565.23959413 32.31  44.142451  65.909208   -100 -100.00 -100.00 -100.00
 194    15.679 56575.15523397 27.76  44.124693  65.910500 19.605 -100.00 -100.00 -100.00
 194    15.287 56575.15523456 26.18  44.131055  65.910870 18.111 -100.00 -100.00 -100.00
 194    14.622 56575.15523515 26.57  44.137418  65.911240 18.707 -100.00 -100.00 -100.00
 194     1.622 56575.15523574 32.13  44.143781  65.911610   -100 -100.00 -100.00 -100.00
 195     2.627 56585.07087239 39.79  44.124348  65.911585 29.165 -100.00 -100.00 -100.00
 195     2.421 56585.07087298 41.72  44.130711  65.911955   -100 -100.00 -100.00 -100.00
 195     2.501 56585.07087357 44.58  44.137074  65.912326   -100 -100.00 -100.00 -100.00
 195     2.431 56585.07087416 45.38  44.143437  65.912695   -100 -100.00 -100.00 -100.00
 196     0.962 56594.98650899 41.97  44.127798  65.910977 31.552 -100.00 -100.00 -100.00
 196     0.474 56594.98650958 47.36  44.134160  65.911348 20.624 -100.00 -100.00 -100.00
 196     0.567 56594.98651017 50.26  44.140523  65.911718 10.401 -100.00 -100.00 -100.00
 197     1.280 56604.90216145 42.94  44.124251  65.909509 27.807 -100.00 -100.00 -100.00
 197     1.306 56604.90216204 46.17  44.130613  65.909879   -100 -100.00 -100.00 -100.00
 197     1.014 56604.90216263 48.91  44.136975  65.910249   -100 -100.00 -100.00 -100.00
 197     1.058 56604.90216322 52.05  44.143337  65.910619  3.193 -100.00 -100.00 -100.00
 198     1.606 56614.81780947 42.89  44.124521  65.908647 29.112 -100.00 -100.00 -100.00
 198     1.442 56614.81781006 45.09  44.130883  65.909017   -100 -100.00 -100.00 -100.00
 198     1.192 56614.81781065 49.08  44.137245  65.909388   -100 -100.00 -100.00 -100.00
 198     1.185 56614.81781124 51.33  44.143607  65.909757 11.158 -100.00 -100.00 -100.00
 199     1.819 56624.73345366 38.80  44.123722  65.908822   -100 -100.00 -100.00 -100.00
 199     1.912 56624.73345425 41.01  44.130084  65.909192   -100 -100.00 -100.00 -100.00
 199     1.725 56624.73345484 43.16  44.136446  65.909562   -100 -100.00 -100.00 -100.00
 199     1.628 56624.73345543 43.70  44.142808  65.909932   -100 -100.00 -100.00 -100.00
 200     3.974 56634.64909509 29.24  44.122979  65.909220 18.592 -100.00 -100.00 -100.00
 200     3.981 56634.64909568 31.05  44.129342  65.909591 27.464 -100.00 -100.00 -100.00
 200     4.106 56634.64909627 34.93  44.135704  65.909961   -100 -100.00 -100.00 -100.00
 200     4.143 56634.64909686 36.19  44.142067  65.910331   -100 -100.00 -100.00 -100.00
 201     3.021 56644.56473258 30.37  44.125428  65.909186 30.160 -100.00 -100.00 -100.00
 201     2.934 56644.56473318 32.05  44.131790  65.909557   -100 -100.00 -100.00 -100.00
 201     2.915 56644.56473377 32.87  44.138153  65.909927   -100 -100.00 -100.00 -100.00
 201     3.198 56644.56473436 30.91  44.144516  65.910297   -100 -100.00 -100.00 -100.00
 202     0.447 56654.48038581 31.88  44.129390  65.908310   -100 -100.00 -100.00 -100.00
 202    -0.035 56654.48038640 33.04  44.135753  65.908680   -100 -100.00 -100.00 -100.00
 202     0.483 56654.48038700 29.42  44.142115  65.909050   -100 -100.00 -100.00 -100.00
 203     0.139 56664.39603421 31.46  44.127392  65.906629 32.369 -100.00 -100.00 -100.00
 203    -0.064 56664.39603480 34.58  44.133755  65.906999   -100 -100.00 -100.00 -100.00
 203    -0.217 56664.39603539 34.62  44.140117  65.907369   -100 -100.00 -100.00 -100.00
 203     0.259 56664.39603598 30.47  44.146480  65.907738 31.222 -100.00 -100.00 -100.00
 205     1.387 56684.22732495 21.07  44.128042  65.907129 15.765 -100.00 -100.00 -100.00
 205     1.449 56684.22732554 21.54  44.134404  65.907499 17.345 -100.00 -100.00 -100.00
 205     1.249 56684.22732614 23.37  44.140766  65.907869 23.290 -100.00 -100.00 -100.00
 205     1.259 56684.22732673 21.93  44.147129  65.908239 18.559 -100.00 -100.00 -100.00
 206    13.968 56694.14296757 17.10  44.126985  65.908598 11.254 -100.00 -100.00 -100.00
 206    14.310 56694.14296816 16.98  44.133348  65.908968 10.580 -100.00 -100.00 -100.00
 206    12.989 56694.14296875 17.43  44.139710  65.909338 11.739 -100.00 -100.00 -100.00
 206     1.494 56694.14296934 18.88  44.146073  65.909708 14.008 -100.00 -100.00 -100.00
 207     2.011 56704.05860594 24.06  44.127775  65.909325 28.322 -100.00 -100.00 -100.00
 207     2.233 56704.05860653 24.53  44.134137  65.909695 28.365 -100.00 -100.00 -100.00
 207     2.262 56704.05860712 24.39  44.140500  65.910065 25.883 -100.00 -100.00 -100.00
 208     2.035 56713.97423843 38.80  44.123223  65.908134   -100 -100.00 -100.00 -100.00
 208     1.989 56713.97423902 39.92  44.129585  65.908505   -100 -100.00 -100.00 -100.00
 208     2.096 56713.97423961 40.46  44.135946  65.908875  1.881 -100.00 -100.00 -100.00
 208     1.900 56713.97424020 42.24  44.142308  65.909245 19.300 -100.00 -100.00 -100.00
 209    -5.467 56723.88988862 12.62  44.127428  65.907526  1.895 -100.00 -100.00 -100.00
 209    -4.124 56723.88988921 12.81  44.133790  65.907897  2.547 -100.00 -100.00 -100.00
 209    -2.721 56723.88988980 12.87  44.140151  65.908267  2.058 -100.00 -100.00 -100.00
 209    -3.714 56723.88989039 13.00  44.146513  65.908636  2.232 -100.00 -100.00 -100.00
 210    15.067 56733.80553907 25.99  44.127601  65.907688 30.049 -100.00 -100.00 -100.00
 210     1.862 56733.80553966 25.55  44.133962  65.908058 28.824 -100.00 -100.00 -100.00
 210     1.670 56733.80554025 27.69  44.140324  65.908428   -100 -100.00 -100.00 -100.00
 210     1.806 56733.80554084 23.10  44.146685  65.908797 18.263 -100.00 -100.00 -100.00
 211    16.691 56743.72118597 13.30  44.125587  65.909270  5.818 -100.00 -100.00 -100.00
 211    17.063 56743.72118656 12.35  44.131949  65.909640  4.383 -100.00 -100.00 -100.00
 211    17.419 56743.72118715 13.13  44.138311  65.910010  5.285 -100.00 -100.00 -100.00
 211    18.312 56743.72118774 13.22  44.144674  65.910379  5.863 -100.00 -100.00 -100.00
 212    16.588 56753.63682870 13.65  44.124981  65.911022  6.181 -100.00 -100.00 -100.00
 212    16.507 56753.63682929 13.87  44.131344  65.911392  6.394 -100.00 -100.00 -100.00
 212    15.637 56753.63682988 14.14  44.137706  65.911762  5.935 -100.00 -100.00 -100.00
 213     3.343 56763.55246606 48.06  44.125133  65.911583   -100 -100.00 -100.00 -100.00
 213     3.163 56763.55246665 46.92  44.131496  65.911953  7.440 -100.00 -100.00 -100.00
 213     3.116 56763.55246724 44.21  44.137858  65.912323  3.112 -100.00 -100.00 -100.00
 214    16.702 56773.46810001 31.03  44.126582  65.910716 16.964 -100.00 -100.00 -100.00
 214    16.349 56773.46810060 29.23  44.132945  65.911086 12.299 -100.00 -100.00 -100.00
 214     3.879 56773.46810119 36.97  44.139307  65.911457   -100 -100.00 -100.00 -100.00
 215    16.858 56783.38375716 29.05  44.123846  65.909706 13.445 -100.00 -100.00 -100.00
 215    16.536 56783.38375775 28.19  44.130208  65.910076 13.188 -100.00 -100.00 -100.00
 215    16.997 56783.38375834 27.28  44.136571  65.910446 10.300 -100.00 -100.00 -100.00
 215    18.489 56783.38375893 27.29  44.142933  65.910816  8.705 -100.00 -100.00 -100.00
 216     2.372 56793.29941133 47.08  44.128476  65.909539   -100 -100.00 -100.00 -100.00
 216     2.464 56793.29941192 46.43  44.134839  65.909909   -100 -100.00 -100.00 -100.00
 216     2.413 56793.29941251 46.14  44.141201  65.910279   -100 -100.00 -100.00 -100.00
 217     1.992 56803.21506172 43.36  44.123415  65.909429   -100 -100.00 -100.00 -100.00
 217     2.117 56803.21506232 41.58  44.129778  65.909799   -100 -100.00 -100.00 -100.00
 217     2.004 56803.21506291 42.89  44.136140  65.910169   -100 -100.00 -100.00 -100.00
 217     1.983 56803.21506350 44.54  44.142503  65.910538  3.197 -100.00 -100.00 -100.00
 218    16.263 56813.13070493 24.11  44.125588  65.909571 12.914 -100.00 -100.00 -100.00
 218    15.883 56813.13070552 22.74  44.131950  65.909941 10.791 -100.00 -100.00 -100.00
 218    14.966 56813.13070611 23.79  44.138312  65.910310 10.625 -100.00 -100.00 -100.00
 218     2.510 56813.13070670 26.81  44.144675  65.910680 18.234 -100.00 -100.00 -100.00
 219    16.107 56823.04634450 22.97  44.126699  65.908976 13.025 -100.00 -100.00 -100.00
 219    15.446 56823.04634509 24.62  44.133061  65.909346 19.434 -100.00 -100.00 -100.00
 219     4.004 56823.04634568 33.11  44.139423  65.909716   -100 -100.00 -100.00 -100.00
 219     3.883 56823.04634627 31.24  44.145785  65.910085   -100 -100.00 -100.00 -100.00
 220    -4.757 56832.96197985 12.47  44.127392  65.907792  2.295 -100.00 -100.00 -100.00
 220    -3.406 56832.96198044 13.25  44.133753  65.908162  3.186 -100.00 -100.00 -100.00
 220    -3.223 56832.96198103 12.99  44.140114  65.908532  2.902 -100.00 -100.00 -100.00
 220    -3.781 56832.96198162 12.73  44.146476  65.908901  2.964 -100.00 -100.00 -100.00
 221     1.397 56842.87761174 43.12  44.127479  65.906685 21.954 -100.00 -100.00 -100.00
 221     0.817 56842.87761233 48.16  44.133839  65.907056   -100 -100.00 -100.00 -100.00
 221     0.920 56842.87761292 50.77  44.140200  65.907426   -100 -100.00 -100.00 -100.00
 221     0.799 56842.87761351 53.64  44.146561  65.907795  2.239 -100.00 -100.00 -100.00
 222     0.699 56852.79325252 39.58  44.129268  65.906802   -100 -100.00 -100.00 -100.00
 222     0.779 56852.79325311 39.73  44.135629  65.907172   -100 -100.00 -100.00 -100.00
 222     0.656 56852.79325370 44.11  44.141990  65.907542   -100 -100.00 -100.00 -100.00
 223     0.824 56862.70890628 33.99  44.125074  65.907512 32.582 -100.00 -100.00 -100.00
 223     0.854 56862.70890687 33.79  44.131435  65.907883 30.697 -100.00 -100.00 -100.00
 223    -0.056 56862.70890747 38.10  44.137796  65.908253   -100 -100.00 -100.00 -100.00
 223     0.671 56862.70890806 35.71  44.144158  65.908622   -100 -100.00 -100.00 -100.00
 224     1.438 56872.62455997 37.94  44.125996  65.908599   -100 -100.00 -100.00 -100.00
 224     1.722 56872.62456056 38.53  44.132358  65.908969   -100 -100.00 -100.00 -100.00
 224     2.100 56872.62456115 41.04  44.138720  65.909339 31.652 -100.00 -100.00 -100.00
 224     2.063 56872.62456174 41.79  44.145082  65.909709   -100 -100.00 -100.00 -100.00
 225     4.130 56882.54021067 39.24  44.128379  65.909048   -100 -100.00 -100.00 -100.00
 225     4.100 56882.54021126 39.56  44.134741  65.909418   -100 -100.00 -100.00 -100.00
 225     4.333 56882.54021185 41.32  44.141103  65.909787   -100 -100.00 -100.00 -100.00
 226    16.625 56892.45585750 30.70  44.127753  65.908825 22.772 -100.00 -100.00 -100.00
 226    17.509 56892.45585809 28.32  44.134115  65.909195 14.871 -100.00 -100.00 -100.00
 226    16.282 56892.45585868 27.32  44.140478  65.909565 13.505 -100.00 -100.00 -100.00
 226    15.106 56892.45585927 26.55  44.146840  65.909934 13.020 -100.00 -100.00 -100.00
 227     1.157 56902.37150132 33.11  44.128205  65.908616 26.921 -100.00 -100.00 -100.00
 227     0.706 56902.37150191 37.06  44.134567  65.908986   -100 -100.00 -100.00 -100.00
 227     0.609 56902.37150250 37.99  44.140929  65.909355   -100 -100.00 -100.00 -100.00
 227     0.932 56902.37150309 35.10  44.147292  65.909725   -100 -100.00 -100.00 -100.00
 228     0.768 56912.28714314 36.46  44.127662  65.909392   -100 -100.00 -100.00 -100.00
 228     0.948 56912.28714373 34.83  44.134024  65.909762   -100 -100.00 -100.00 -100.00
 228     1.181 56912.28714432 35.19  44.140387  65.910132 31.023 -100.00 -100.00 -100.00
 229    16.299 56922.20278340 33.63  44.127794  65.910460 24.257 -100.00 -100.00 -100.00
 229    15.387 56922.20278399 35.04  44.134156  65.910830 28.245 -100.00 -100.00 -100.00
 229     0.147 56922.20278458 38.81  44.140519  65.911200   -100 -100.00 -100.00 -100.00
 230    16.524 56932.11842108 29.40  44.124819  65.911146 15.126 -100.00 -100.00 -100.00
 230    15.989 56932.11842167 28.03  44.131182  65.911517 12.571 -100.00 -100.00 -100.00
 230    15.228 56932.11842226 30.18  44.137544  65.911887 18.878 -100.00 -100.00 -100.00
 231    15.887 56942.03405368 29.81  44.123569  65.910817 15.597 -100.00 -100.00 -100.00
 231    15.106 56942.03405427 30.40  44.129931  65.911187 17.913 -100.00 -100.00 -100.00
 231     3.267 56942.03405486 32.25  44.136293  65.911558 21.451 -100.00 -100.00 -100.00
 231     3.170 56942.03405545 37.27  44.142656  65.911928   -100 -100.00 -100.00 -100.00
 232     2.787 56951.94969645 36.49  44.124084  65.910049   -100 -100.00 -100.00 -100.00
 232     3.430 56951.94969704 38.22  44.130446  65.910420 24.930 -100.00 -100.00 -100.00
 232     2.900 56951.94969763 39.89  44.136808  65.910790   -100 -100.00 -100.00 -100.00
 232     2.958 56951.94969822 45.14  44.143171  65.911160  0.607 -100.00 -100.00 -100.00
 233     0.932 56961.86534763 41.31  44.125814  65.909486   -100 -100.00 -100.00 -100.00
 233     0.915 56961.86534822 43.37  44.132176  65.909856   -100 -100.00 -100.00 -100.00
 233     0.995 56961.86534881 46.62  44.138538  65.910226   -100 -100.00 -100.00 -100.00
 233     0.875 56961.86534940 48.32  44.144900  65.910596  4.825 -100.00 -100.00 -100.00
 234     0.679 56971.78099400 42.88  44.128507  65.909514   -100 -100.00 -100.00 -100.00
 234     0.622 56971.78099459 44.88  44.134869  65.909884   -100 -100.00 -100.00 -100.00
 234     0.620 56971.78099518 42.06  44.141231  65.910253   -100 -100.00 -100.00 -100.00
 235     0.055 56981.69663561 40.73  44.124040  65.909279   -100 -100.00 -100.00 -100.00
 235    16.114 56981.69663620 39.84  44.130402  65.909649 27.807 -100.00 -100.00 -100.00
 235    15.370 56981.69663679 41.29  44.136764  65.910019   -100 -100.00 -100.00 -100.00
 235    14.563 56981.69663738 40.88  44.143126  65.910389   -100 -100.00 -100.00 -100.00
 236    -0.161 56991.61227363 37.17  44.129122  65.909123   -100 -100.00 -100.00 -100.00
 236    -0.201 56991.61227422 38.78  44.135484  65.909493   -100 -100.00 -100.00 -100.00
 236    -0.534 56991.61227481 34.92  44.141846  65.909863   -100 -100.00 -100.00 -100.00
 237     1.717 57001.52790566 30.10  44.127477  65.907742 30.846 -100.00 -100.00 -100.00
 237     1.753 57001.52790625 31.54  44.133839  65.908113 31.044 -100.00 -100.00 -100.00
 237     1.452 57001.52790684 31.17  44.140201  65.908483   -100 -100.00 -100.00 -100.00
 237     1.573 57001.52790743 28.75  44.146564  65.908853 27.021 -100.00 -100.00 -100.00
 238    15.128 57011.44356301 23.94  44.125807  65.906935 13.188 -100.00 -100.00 -100.00
 238     2.601 57011.44356360 28.94  44.132169  65.907305 30.581 -100.00 -100.00 -100.00
 238     2.815 57011.44356419 28.84  44.138531  65.907675 28.726 -100.00 -100.00 -100.00
 238     2.881 57011.44356478 29.65  44.144893  65.908045 27.604 -100.00 -100.00 -100.00
 239    15.796 57021.35921450 20.33  44.123809  65.906531 10.110 -100.00 -100.00 -100.00
 239    15.661 57021.35921509 20.38  44.130171  65.906902  9.785 -100.00 -100.00 -100.00
 239    15.019 57021.35921568 21.62  44.136533  65.907272 13.440 -100.00 -100.00 -100.00
 239    15.235 57021.35921627 18.97  44.142895  65.907642  7.955 -100.00 -100.00 -100.00
 240    16.644 57031.27486344 15.44  44.124970  65.907462  7.439 -100.00 -100.00 -100.00
 240    16.231 57031.27486403 15.06  44.131332  65.907833  6.066 -100.00 -100.00 -100.00
 240    15.593 57031.27486462 15.79  44.137695  65.908203  7.656 -100.00 -100.00 -100.00
 240    14.865 57031.27486521 16.27  44.144057  65.908572  6.573 -100.00 -100.00 -100.00
 241    16.847 57041.19051065 14.80  44.128218  65.908621  3.811 -100.00 -100.00 -100.00
 241    16.802 57041.19051124 15.13  44.134580  65.908991  3.966 -100.00 -100.00 -100.00
 241    16.322 57041.19051183 15.79  44.140943  65.909361  5.142 -100.00 -100.00 -100.00
 241    18.622 57041.19051242 15.04  44.147305  65.909731  4.166 -100.00 -100.00 -100.00
 242    17.116 57051.10615533 14.33  44.127087  65.909085  3.290 -100.00 -100.00 -100.00
 242    17.427 57051.10615592 14.29  44.133450  65.909455  3.238 -100.00 -100.00 -100.00
 242    18.036 57051.10615651 14.78  44.139812  65.909825  3.634 -100.00 -100.00 -100.00
 242    18.939 57051.10615710 15.65  44.146175  65.910195  5.051 -100.00 -100.00 -100.00
 243    17.298 57061.02179575 13.38  44.125299  65.908482  4.088 -100.00 -100.00 -100.00
 243    17.326 57061.02179634 13.91  44.131660  65.908852  4.074 -100.00 -100.00 -100.00
 243    17.212 57061.02179693 14.36  44.138022  65.909222  4.531 -100.00 -100.00 -100.00
 243    18.069 57061.02179752 14.77  44.144384  65.909592  5.975 -100.00 -100.00 -100.00
 244    17.186 57070.93743074 13.38  44.124793  65.907890  4.047 -100.00 -100.00 -100.00
 244    17.211 57070.93743133 13.46  44.131155  65.908261  4.055 -100.00 -100.00 -100.00
 244    17.512 57070.93743192 14.19  44.137516  65.908631  5.281 -100.00 -100.00 -100.00
 244    18.464 57070.93743251 14.46  44.143878  65.909001  5.044 -100.00 -100.00 -100.00
 245    17.520 57080.85306141 14.45  44.123500  65.907979  5.424 -100.00 -100.00 -100.00
 245    17.366 57080.85306200 14.22  44.129861  65.908349  4.402 -100.00 -100.00 -100.00
 245    17.368 57080.85306259 14.60  44.136222  65.908720  4.089 -100.00 -100.00 -100.00
 245    17.478 57080.85306318 14.37  44.142584  65.909090  4.616 -100.00 -100.00 -100.00
 246    16.947 57090.76870324 12.45  44.124814  65.909442  6.047 -100.00 -100.00 -100.00
 246    17.368 57090.76870383 11.87  44.131175  65.909813  5.001 -100.00 -100.00 -100.00
 246    17.698 57090.76870442 12.04  44.137537  65.910183  4.662 -100.00 -100.00 -100.00
 246    16.698 57090.76870501 13.07  44.143899  65.910553  5.903 -100.00 -100.00 -100.00
 247    16.899 57100.68436076  9.80  44.122595  65.911084  4.835 -100.00 -100.00 -100.00
 247    17.446 57100.68436135  8.90  44.128957  65.911454  3.628 -100.00 -100.00 -100.00
 247    16.435 57100.68436194 10.08  44.135320  65.911824  5.854 -100.00 -100.00 -100.00
 247    15.247 57100.68436254 11.90  44.141682  65.912194  7.856 -100.00 -100.00 -100.00
 248    16.988 57110.60001535 11.16  44.123008  65.911659  2.922 -100.00 -100.00 -100.00
 248    17.734 57110.60001594 11.00  44.129371  65.912029  2.804 -100.00 -100.00 -100.00
 248    18.052 57110.60001653 11.33  44.135734  65.912399  2.938 -100.00 -100.00 -100.00
 248    18.985 57110.60001712 11.29  44.142097  65.912769  3.370 -100.00 -100.00 -100.00
 249    16.472 57120.51566433 21.66  44.124377  65.910726 13.674 -100.00 -100.00 -100.00
 249    16.459 57120.51566492 20.36  44.130739  65.911097  9.913 -100.00 -100.00 -100.00
 249    16.060 57120.51566551 19.54  44.137102  65.911467  9.878 -100.00 -100.00 -100.00
 249    16.098 57120.51566610 16.88  44.143465  65.911836  5.536 -100.00 -100.00 -100.00
 250     3.164 57130.43130752 19.47  44.125845  65.909398  9.482 -100.00 -100.00 -100.00
 250     3.045 57130.43130811 21.66  44.132207  65.909768 12.900 -100.00 -100.00 -100.00
 250     3.073 57130.43130870 21.21  44.138570  65.910138 10.822 -100.00 -100.00 -100.00
 250     2.802 57130.43130929 23.23  44.144932  65.910508 17.031 -100.00 -100.00 -100.00
