# NaN NaN NaN ;Mean Elev.(m), Avg Gradient(m/km), RMS Gradient(m/km) - SRTM1     
#    9.840  -1.053   2.774 ;Mean Elev.(m), Avg Gradient(m/km), RMS Gradient(m/km) - ASTER GDEM
#    9.495   0.600   2.601 ;Mean Elev.(m), Avg Gradient(m/km), RMS Gradient(m/km) - GMTED2010 
   2  44.135900  65.886933     2.163     2.163  2 54673.38334779 35.850
   3  44.132939  65.888327   -17.750   -17.750  2 54683.29899097 11.961
   4  44.133998  65.889027     3.193     3.193  2 54693.21463323 36.905
   5  44.133513  65.888585   -17.388   -17.388  2 54703.13027292 13.514
   6  44.135254  65.886478    10.134    10.134  2 54713.04592251 26.528
   7  44.137394  65.884406   -29.310   -20.863  3 54722.96157360 18.337
   8  44.136948  65.883506     1.834     1.944  3 54732.87722198 48.714
   9  44.135978  65.884290     1.443     1.461  3 54742.79286871 47.179
  10  44.138647  65.884950     1.579     1.755  3 54752.70851553 48.723
  11  44.139337  65.884750     2.090     2.106  3 54762.62416181 34.120
  12  44.142573  65.883123     2.967     3.013  3 54772.53980588 42.638
  13  44.138903  65.882204    24.464    25.340  3 54782.45544640 28.254
  14  44.141973  65.882139     2.303     2.257  3 54792.37108510 41.277
  17  44.137482  65.886210     0.736     0.736  2 54822.11800126 40.088
  18  44.134786  65.885723     2.209     2.021  3 54832.03364151 41.988
  19  44.135120  65.885550     2.571     2.616  3 54841.94929176 38.916
  20  44.135898  65.886470     2.086     2.086  2 54851.86494075 28.571
  21  44.136300  65.888002     2.244     2.244  2 54861.78058932 21.973
  22  44.136691  65.888693    16.166    16.166  2 54871.69623792 15.269
  23  44.132954  65.887705    16.080    16.080  2 54881.61188447 15.604
  24  44.137305  65.884860    15.459    15.441  3 54891.52752854 17.708
  25  44.140933  65.882453     4.851     3.757  3 54901.44316965 18.426
  26  44.142509  65.882450    10.926    14.588  3 54911.35880880 18.411
  27  44.140688  65.884222    16.584    16.509  3 54921.27444649 15.975
  28  44.136825  65.885787    16.230    16.230  2 54931.19008340 16.828
  29  44.139889  65.885089     6.198     6.822  3 54941.10571960 17.920
  30  44.138041  65.883535    15.453    15.510  3 54951.02135371 16.436
  31  44.144119  65.881751     2.750     2.813  3 54960.93699504 34.686
  32  44.143329  65.882313    10.609    12.597  3 54970.85264361 30.201
  33  44.141156  65.884189     2.823     2.763  3 54980.76829081 42.518
  34  44.135937  65.886081   -20.860   -20.861  3 54990.68393745  9.584
  35  44.137437  65.886104     1.688     1.688  2 55000.59958450 34.209
  36  44.134827  65.885897     2.750     2.460  3 55010.51522942 30.688
  37  44.139453  65.885290     0.922     0.993  3 55020.43087346 40.444
  38  44.136554  65.886407     3.185     3.185  2 55030.34651561 31.851
  39  44.133598  65.887960     3.453     3.453  2 55040.26215710 34.336
  40  44.135657  65.888711     1.165     1.165  2 55050.17779768 37.637
  41  44.137368  65.887547     0.706     0.706  2 55060.09343616 42.169
  42  44.135638  65.885093     0.057     0.141  3 55070.00907684 45.499
  43  44.139520  65.882419    -0.227    -0.247  3 55079.92472666 47.060
  44  44.141235  65.881981     2.656     2.605  3 55089.84037426 46.091
  45  44.140384  65.883598     2.689     2.703  3 55099.75602045 36.440
  46  44.135506  65.885608     1.692     1.624  3 55109.67166575 46.548
  47  44.138719  65.885204     2.131     2.178  3 55119.58731039 35.896
  48  44.140129  65.883074     0.536     0.287  3 55129.50295238 41.924
  49  44.144581  65.880883     0.479     0.325  3 55139.41859265 51.907
  50  44.141209  65.881457     1.385     1.459  3 55149.33423094 44.268
  51  44.139624  65.883981     1.661     1.675  3 55159.24986902 44.136
  52  44.134654  65.886609     1.631     1.631  2 55169.16550647 41.808
  53  44.132924  65.887476     1.556     1.556  2 55179.08114326 39.081
  54  44.135058  65.886369     1.447     1.447  2 55188.99678959 29.510
  55  44.137810  65.885604     1.536     1.536  2 55198.91244048 23.337
  56  44.135192  65.886372     1.475     1.471  3 55208.82808995 20.787
  57  44.133716  65.887748     1.834     1.834  2 55218.74373898 23.381
  58  44.134368  65.887833     1.863     1.863  2 55228.65938744 22.058
  59  44.136685  65.886341     1.394     1.394  2 55238.57503303 20.778
  60  44.139623  65.883719     3.414     1.186  3 55248.49067515 20.472
  61  44.142596  65.881794     1.674     1.648  3 55258.40631488 24.090
  62  44.138885  65.882163    16.013    15.971  3 55268.32195318 11.988
  63  44.137199  65.883941    14.395    14.591  3 55278.23759131 14.301
  64  44.137669  65.885241     2.158     2.072  3 55288.15322839 26.725
  65  44.137901  65.885249     1.643     1.702  3 55298.06886310 22.565
  66  44.141887  65.883289    22.169    24.977  3 55307.98450605 23.229
  67  44.139801  65.881892     5.173     5.172  3 55317.90015223 38.011
  68  44.141076  65.882003     1.713     1.704  4 55327.81579756 47.794
  69  44.140189  65.883954     2.859     2.857  3 55337.73144189 30.454
  70  44.136369  65.886172     2.529     2.434  3 55347.64708549 35.886
  71  44.134846  65.887058     1.941     1.941  2 55357.56272768 35.388
  72  44.135927  65.886723     0.666     0.571  3 55367.47836811 45.725
  73  44.135015  65.886362     3.111     2.618  3 55377.39400690 31.902
  74  44.136396  65.886615    -0.032    -0.032  2 55387.30964506 43.796
  75  44.136662  65.887331     2.492     2.492  2 55397.22528220 37.327
  76  44.135389  65.887507     3.043     2.510  3 55407.14092517 38.041
  77  44.135678  65.886142     2.749     2.187  3 55417.05657638 36.528
  78  44.136261  65.883900     2.733     2.781  3 55426.97222421 33.800
  79  44.139287  65.882294     1.471     1.172  3 55436.88786953 38.367
  80  44.140623  65.882348     2.706     2.921  3 55446.80351331 33.210
  81  44.140217  65.883553     2.598     2.562  3 55456.71915642 34.867
  82  44.137915  65.884782     2.882     2.893  3 55466.63479868 38.117
  83  44.137059  65.884641     2.478     2.467  3 55476.55043794 36.946
  84  44.138971  65.883360     2.308     2.561  3 55486.46607431 36.876
  85  44.139254  65.882336     1.157     1.483  3 55496.38170837 34.601
  86  44.142780  65.882829     1.591     1.630  3 55506.29734418 37.464
  87  44.139816  65.884504     1.427     1.291  3 55516.21299440 44.749
  88  44.135505  65.886363     3.290     2.849  3 55526.12864357 35.374
  89  44.134643  65.886984     2.711     2.711  2 55536.04429108 30.827
  90  44.135057  65.886706     2.007     2.007  2 55545.95993659 22.026
  91  44.135537  65.886520    14.561    14.417  3 55555.87558026 17.863
  92  44.135665  65.886852    15.556    15.658  3 55565.79122296 16.066
  93  44.134301  65.887073    16.007    16.007  2 55575.70686489 15.047
  94  44.137972  65.885996    11.062    15.377  3 55585.62250560 17.757
  95  44.139241  65.884488    16.141    16.296  3 55595.53814282 14.877
  96  44.142598  65.883180    16.822    16.508  3 55605.45377705 12.112
  97  44.138526  65.883308    16.428    16.509  3 55615.36940849 12.545
  98  44.137259  65.884118    16.065    15.943  3 55625.28504899 12.993
  99  44.139393  65.884419    17.245    16.919  3 55635.20070147 10.257
 100  44.137805  65.884433    16.055    15.908  3 55645.11635146 13.118
 101  44.138620  65.883709     2.242     2.201  3 55655.03199892 30.447
 102  44.140411  65.882895    15.000    14.633  3 55664.94764191 23.252
 103  44.141018  65.882825     3.240     3.172  3 55674.86328180 33.913
 104  44.139660  65.883838     3.903     3.947  3 55684.77891980 43.596
 105  44.137936  65.885360     2.851     2.866  3 55694.69455657 30.381
 106  44.133900  65.886813     2.471     2.471  2 55704.61019178 31.883
 107  44.136237  65.886904     3.030     3.030  2 55714.52583876 31.330
 108  44.137626  65.886677     2.465     2.465  2 55724.44148792 32.343
 109  44.135159  65.886986     1.352     1.352  2 55734.35713478 40.060
 110  44.133522  65.887407     3.232     3.232  2 55744.27278046 34.285
 111  44.135327  65.887002     0.156     0.156  2 55754.18842496 45.114
 112  44.138294  65.885452     2.925     2.413  3 55764.10406730 34.140
 113  44.140184  65.883581     3.602     3.657  3 55774.01970675 26.118
 114  44.139876  65.882484     2.348     2.301  3 55783.93534263 35.621
 115  44.140296  65.883200     2.371     2.382  3 55793.85097610 34.133
 116  44.138600  65.884774     0.888     0.784  3 55803.76661223 41.200
 117  44.139603  65.885267    -0.012    -0.097  3 55813.68226193 49.164
 118  44.135885  65.884700     2.430     2.625  3 55823.59790926 38.361
 119  44.140286  65.883159     3.604     3.594  3 55833.51355264 36.086
 120  44.141950  65.882504     3.479     3.309  3 55843.42919162 36.897
 121  44.142559  65.883380     2.402     2.332  3 55853.34482744 33.936
 122  44.137515  65.885554     1.632     1.632  2 55863.26046329 45.835
 123  44.134634  65.886769     1.731     2.231  3 55873.17611699 42.541
 133  44.138011  65.883046    20.594    22.239  3 55972.33255452 13.414
 134  44.135551  65.885330    11.498    14.731  3 55982.24819035 17.927
 135  44.135436  65.886201    19.005    17.494  3 55992.16382484 11.513
 136  44.138304  65.884902    19.574    19.574  2 56002.07947270 10.730
 137  44.138595  65.882837    20.112    20.845  3 56011.99512267 11.264
 139  44.140252  65.883368     2.178     2.192  3 56031.82641244 27.397
 141  44.134714  65.887586    10.343    10.343  2 56051.65769203 36.645
 142  44.136684  65.887619     2.270     2.270  2 56061.57332832 42.457
 143  44.135458  65.886706     2.701     2.701  2 56071.48896697 34.510
 144  44.135829  65.885999     3.278     3.278  2 56081.40461757 28.127
 145  44.136122  65.886435     3.484     3.484  2 56091.32026554 29.528
 146  44.135305  65.887494     3.361     3.361  2 56101.23591102 33.739
 147  44.134796  65.887270     2.599     2.599  2 56111.15154234 35.118
 148  44.137093  65.885324     0.471     0.489  3 56121.06718219 48.264
 149  44.140049  65.882843     0.356     0.371  3 56130.98281838 47.001
 150  44.141230  65.881871     5.964     2.941  4 56140.89845294 31.198
 151  44.139151  65.883107     2.341     2.358  3 56150.81410366 33.473
 152  44.139570  65.885160     3.407     3.113  3 56160.72975272 35.485
 153  44.135672  65.886313     2.422     2.422  2 56170.64539976 32.739
 154  44.137789  65.885010     2.377     2.377  2 56180.56104340 30.493
 155  44.140578  65.882982     2.852     2.763  3 56190.47668316 31.927
 156  44.140705  65.882298     0.544     0.517  4 56200.39231978 45.576
 157  44.141501  65.883987     2.395     2.195  3 56210.30795402 34.269
 158  44.134247  65.887150     2.830     2.830  2 56220.22358563 36.303
 159  44.136380  65.888599     3.820     3.820  2 56230.13923574 34.821
 160  44.134489  65.888194     0.613     0.613  2 56240.05488884 44.679
 161  44.134714  65.886893     0.719     0.784  3 56249.97053820 40.861
 162  44.135070  65.885868     0.359     0.520  3 56259.88618274 43.792
 163  44.135408  65.886248     2.083     2.083  2 56269.80182461 30.375
 164  44.136068  65.886900     8.593    10.578  3 56279.71746477 24.735
 165  44.135160  65.886942     5.194     2.113  3 56289.63311569 20.773
 166  44.136930  65.885124     7.786     9.842  3 56299.54876418 20.433
 167  44.137315  65.882866    11.082    15.203  3 56309.46440858 18.348
 168  44.142747  65.881452    12.818    14.510  3 56319.38005104 15.987
 169  44.140238  65.882833    11.821    11.637  4 56329.29569178 19.195
 170  44.136229  65.885222     8.868     8.301  3 56339.21133153 21.498
 171  44.135772  65.886539    15.813    15.813  2 56349.12696955 19.209
 172  44.136614  65.885686    19.781    19.781  2 56359.04260532 11.915
 173  44.141001  65.883381    19.212    18.009  3 56368.95825636 11.025
 175  44.139419  65.884234    17.275    16.933  3 56388.78954926 11.980
 176  44.135014  65.886981     2.320     2.093  3 56398.70519213 35.495
 177  44.136372  65.888463     9.689     9.689  2 56408.62083308 39.207
 178  44.136435  65.888272     4.666     4.666  2 56418.53646966 38.725
 179  44.132948  65.887359     2.664     2.664  2 56428.45210233 34.197
 180  44.135980  65.886043     2.730     2.899  3 56438.36775646 30.386
 181  44.136739  65.885878     8.525     8.525  2 56448.28340779 28.186
 182  44.137055  65.886324     2.421     2.421  2 56458.19905688 36.607
 183  44.136424  65.885942     2.611     2.611  2 56468.11470262 47.155
 184  44.137673  65.884714     1.810     2.174  3 56478.03034451 34.249
 185  44.141057  65.883029     2.565     2.656  3 56487.94598277 30.941
 187  44.136316  65.883956     1.124    -0.441  3 56507.77725172 35.724
 188  44.135177  65.885674     2.700     2.602  3 56517.69288918 43.544
 189  44.136887  65.886065     2.938     2.938  2 56527.60854354 36.792
 190  44.135438  65.885642     1.253     1.258  3 56537.52419338 34.214
 192  44.139260  65.883991     2.944     2.971  3 56557.35548328 32.231
 193  44.135420  65.885346    -0.376    -0.379  3 56567.27112543 44.613
 194  44.132922  65.887483     9.899     9.899  2 56577.18676634 29.085
 195  44.137464  65.888502     3.277     3.277  2 56587.10240444 45.425
 196  44.135244  65.888485     1.756     1.756  2 56597.01804460 42.814
 197  44.135438  65.887145     1.402     1.402  2 56606.93369648 43.190
 198  44.135863  65.886233     1.337     1.337  2 56616.84934344 45.583
 199  44.134968  65.886130     0.190     0.083  3 56626.76498680 42.473
 200  44.135088  65.886214     1.932     1.955  3 56636.68062749 34.094
 201  44.137533  65.885687     3.126     3.134  3 56646.59626852 22.042
 202  44.139496  65.884381     2.061     2.085  3 56656.51192092 36.816
 203  44.138192  65.883273    14.049    14.133  3 56666.42756869 14.817
 205  44.139051  65.884108    16.109    16.056  3 56686.25885815 12.881
 206  44.139726  65.885109    16.493    16.317  3 56696.17450037 10.218
 207  44.136915  65.885667    11.231    15.691  3 56706.09013771 19.235
 208  44.137251  65.885324     2.554     2.561  3 56716.00577073 36.099
 209  44.136486  65.884719   -20.846   -20.852  3 56725.92142411  6.217
 211  44.134749  65.886666    16.790    16.790  2 56745.75271937 11.190
 212  44.136957  65.887758    16.967    16.967  2 56755.66836129 12.924
 213  44.135008  65.888222     3.497     3.497  2 56765.58399720 44.117
 214  44.136048  65.887484     4.456     4.456  2 56775.49963659 37.232
 215  44.135596  65.886677     3.291     3.291  2 56785.41529328 31.771
 216  44.137176  65.886268     3.201     3.169  3 56795.33094651 37.447
 217  44.136411  65.886221     2.970     2.979  3 56805.24659549 31.098
 219  44.140702  65.884330     3.535     3.484  3 56825.07787688 30.872
 220  44.141763  65.883372   -20.854   -20.696  3 56834.99351197  9.770
 221  44.138449  65.883761     1.222     1.250  3 56844.90914326 38.564
 223  44.137471  65.885338     2.715     2.265  3 56864.74044218 32.450
 224  44.139164  65.885259     0.887     0.558  3 56874.65609519 36.738
 225  44.139543  65.884794     2.627     2.307  3 56884.57174494 33.265
 226  44.138124  65.884395     8.172     4.586  3 56894.48739143 25.394
 227  44.137152  65.884725     2.202     2.158  3 56904.40303477 33.875
 228  44.137257  65.885946     2.500     2.366  3 56914.31867613 35.926
 229  44.137156  65.887418     8.830     8.830  2 56924.23431571 31.978
 230  44.134889  65.888408     4.475     4.475  2 56934.14995243 31.745
 231  44.136226  65.888107     4.633     4.633  2 56944.06558425 35.723
 232  44.133858  65.887004     3.337     3.337  2 56953.98123191 41.471
 233  44.138196  65.885849     1.997     1.920  3 56963.89688243 45.299
 234  44.137153  65.886193     1.099     1.203  3 56973.81252766 46.341
 235  44.134275  65.887033     0.742     0.742  2 56983.72816834 41.847
 236  44.135492  65.886706     0.503     0.538  3 56993.64380457 42.616
 237  44.135709  65.885137     1.195     1.228  3 57003.55944201 32.627
 238  44.137577  65.883135     2.936     3.085  3 57013.47509861 34.031
 239  44.142247  65.882548     2.128     2.142  3 57023.39075019 29.618
 240  44.137726  65.884477    15.456    15.262  3 57033.30639831 16.553
 241  44.137168  65.886135    15.062    15.355  3 57043.22204451 18.784
 242  44.134959  65.886539    16.148    16.148  2 57053.13768821 16.969
 243  44.135244  65.885380    16.648    16.615  3 57063.05332770 14.517
 244  44.136204  65.884569    16.445    16.273  3 57072.96896207 16.783
 245  44.136564  65.885427     3.172     3.602  3 57082.88459248 21.518
 246  44.137149  65.887354     3.014     3.014  2 57092.80024025 20.475
 247  44.134615  65.889115     2.718     2.718  2 57102.71589702 20.764
 248  44.133836  65.889188     1.178     1.178  2 57112.63155032 23.120
 249  44.133173  65.887663     8.861     8.861  2 57122.54719771 28.832
 250  44.137466  65.885671     7.059     2.902  3 57132.46284008 25.953
