# NaN NaN NaN ;Mean Elev.(m), Avg Gradient(m/km), RMS Gradient(m/km) - SRTM1     
#    8.482  -1.198   1.951 ;Mean Elev.(m), Avg Gradient(m/km), RMS Gradient(m/km) - ASTER GDEM
#    7.453  -0.513   4.177 ;Mean Elev.(m), Avg Gradient(m/km), RMS Gradient(m/km) - GMTED2010 
   1  44.135921  65.909704     8.313     8.226  4 54661.43616963 35.977
   2  44.132986  65.909825    12.745    16.069  4 54671.35181473 32.049
   3  44.132105  65.910791   -13.081   -13.061  3 54681.26745847 18.056
   4  44.134596  65.911629    -0.311    -0.350  3 54691.18310135 47.885
   5  44.134644  65.911337    -9.566    -9.504  3 54701.09874164 17.166
   6  44.134152  65.909893    17.006    16.761  4 54711.01438822 26.868
   7  44.136891  65.908697    -8.493    -8.500  4 54720.93003960 13.815
   8  44.135398  65.907700     1.193     1.125  4 54730.84568801 47.250
   9  44.137234  65.908061     1.110     1.007  4 54740.76133515 50.619
  10  44.137037  65.908564     4.235     0.981  4 54750.67698211 41.901
  11  44.137360  65.908828     8.453     8.348  4 54760.59262894 32.825
  12  44.135388  65.908145     3.510     3.468  3 54770.50827316 47.145
  13  44.136232  65.907366     2.608     2.547  4 54780.42391436 44.110
  14  44.137496  65.906768     1.459     1.508  4 54790.33955303 41.479
  15  44.137673  65.907157     1.310     1.113  4 54800.25519051 41.484
  17  44.135632  65.908850     0.496     0.387  3 54820.08646696 33.993
  18  44.136464  65.909346     3.352     3.382  4 54830.00211929 39.702
  19  44.134653  65.909694     2.742     2.779  3 54839.91775789 29.501
  20  44.132859  65.910524     2.471     2.486  3 54849.83340678 20.608
  21  44.133383  65.911788     8.556     8.697  4 54859.74905545 18.569
  22  44.132095  65.912440    17.321    17.340  3 54869.66470406 16.479
  23  44.131498  65.911515    17.632    17.480  3 54879.58035161 14.117
  24  44.135208  65.909616    17.360    17.529  3 54889.49599635 14.847
  25  44.136580  65.907787    17.253    17.194  4 54899.41163772 15.191
  26  44.137900  65.907759     9.132     9.053  4 54909.32727682 20.066
  27  44.134593  65.908666     9.516     9.610  4 54919.24291426 18.936
  28  44.135936  65.909400    17.531    17.635  4 54929.15855182 15.315
  29  44.135551  65.908473    16.915    17.109  3 54939.07418831 14.592
  30  44.134545  65.906760     8.236     8.117  4 54948.98982305 21.924
  31  44.134638  65.905670    15.383    15.380  4 54958.90546030 23.972
  32  44.133740  65.906270     3.280     3.283  4 54968.82110876 46.241
  33  44.135237  65.907824     2.310     2.256  4 54978.73675636 47.948
  34  44.136710  65.909067    -3.600    -3.611  4 54988.65240390 23.267
  35  44.134991  65.909178    -0.069    -0.076  3 54998.56805124 35.085
  36  44.136548  65.909288     0.441     0.429  4 55008.48369709 33.987
  37  44.135571  65.909506     2.070     2.014  4 55018.39934082 43.102
  38  44.134507  65.910535     1.117     1.005  4 55028.31498318 33.107
  39  44.132308  65.911666     1.673     1.657  3 55038.23062490 48.435
  40  44.133916  65.912068     0.352     0.303  4 55048.14626579 37.150
  41  44.133401  65.910482    -0.494    -0.507  4 55058.06190442 50.037
  42  44.133404  65.907896     0.456     0.412  4 55067.97754243 40.210
  43  44.138166  65.906501     0.650     0.734  4 55077.89319292 35.913
  44  44.137591  65.906787     1.941     1.815  4 55087.80884061 49.803
  45  44.135411  65.908288     1.397     1.364  4 55097.72448664 39.486
  46  44.134587  65.909479    15.905    15.806  3 55107.64013234 35.309
  47  44.132952  65.908782     4.308     0.457  4 55117.55577717 37.951
  48  44.136649  65.907054     0.413     0.405  4 55127.47142014 50.576
  49  44.136776  65.905613     1.660     1.647  4 55137.38706055 47.971
  50  44.134339  65.905861     2.302     2.303  4 55147.30269895 41.340
  51  44.135529  65.907895     1.380     1.431  4 55157.21833705 44.142
  52  44.135155  65.909469     1.522     1.480  3 55167.13397491 42.250
  53  44.132435  65.909673     0.572     0.533  4 55177.04961208 38.348
  54  44.136783  65.909126     1.438     1.417  4 55186.96525572 27.601
  55  44.137265  65.909130     4.414     1.319  4 55196.88090669 19.929
  56  44.133797  65.910151    11.335    14.205  4 55206.79655619 17.136
  57  44.131201  65.911705     6.335     1.835  3 55216.71220520 20.111
  58  44.133526  65.912303     4.977     1.837  4 55226.62785403 20.435
  59  44.132780  65.910606     8.148     7.974  4 55236.54349996 19.577
  60  44.136561  65.907966    15.900    16.380  4 55246.45914287 16.192
  61  44.137034  65.906038    16.186    16.353  4 55256.37478286 13.101
  62  44.134213  65.906397    16.944    17.023  4 55266.29042145 10.778
  63  44.133035  65.908418    16.920    17.169  4 55276.20605951 10.333
  64  44.135728  65.909697     2.042     2.034  4 55286.12169693 25.740
  65  44.134412  65.908560     1.347     1.337  4 55296.03733181 25.926
  66  44.133305  65.906160    16.250    16.260  4 55305.95297152 21.627
  67  44.136668  65.905085     7.513     4.902  4 55315.86861873 37.054
  68  44.138398  65.906115     2.480     2.375  4 55325.78426441 45.015
  69  44.135571  65.908244    15.339    15.493  3 55335.69990857 27.753
  70  44.132959  65.909930     1.934     1.914  4 55345.61555232 42.257
  71  44.134458  65.910258     0.765     0.688  3 55355.53119534 33.742
  72  44.135810  65.909790     0.652     0.681  4 55365.44683629 35.174
  73  44.135306  65.909345     0.637     0.671  4 55375.36247553 32.688
  74  44.133722  65.909802    15.571    15.720  4 55385.27811364 28.082
  75  44.133987  65.910641    11.222    14.504  3 55395.19375103 30.886
  76  44.133312  65.910824     6.289     2.050  3 55405.10939056 29.832
  77  44.134691  65.909731     0.597     0.594  3 55415.02504210 34.886
  78  44.133590  65.907369     0.956     0.916  4 55424.94069025 40.403
  79  44.136311  65.905767     1.159     1.121  3 55434.85633614 36.085
  80  44.138050  65.906196     1.132     1.121  4 55444.77198059 34.492
  81  44.134670  65.907744     3.118     3.165  4 55454.68762359 40.636
  82  44.136982  65.909471    12.516    15.635  4 55464.60326635 31.098
  83  44.135947  65.908925     0.981     0.978  4 55474.51890606 37.751
  84  44.137703  65.906950     8.689     8.522  4 55484.43454301 35.112
  85  44.134740  65.904949     0.258     0.232  4 55494.35017742 44.334
  86  44.137835  65.905614     4.513     1.171  4 55504.26581139 38.115
  87  44.133495  65.907780     3.242     3.254  4 55514.18146014 43.012
  88  44.134667  65.910082     2.241     2.243  3 55524.09710990 34.536
  89  44.134614  65.910772    15.725    15.863  3 55534.01275772 18.743
  90  44.135465  65.910183    15.786    15.914  4 55543.92840374 15.568
  91  44.135391  65.909708    15.945    16.157  4 55553.84404775 14.626
  92  44.135360  65.910204    17.268    17.179  3 55563.75969072 13.190
  93  44.133666  65.910771    16.416    16.786  3 55573.67533295 13.884
  94  44.133813  65.910406    16.472    16.756  4 55583.59097392 13.410
  95  44.138199  65.909020    17.868    17.717  4 55593.50661183 14.188
  96  44.136121  65.906852    17.409    17.153  3 55603.42224579 12.905
  97  44.133890  65.905617    16.924    16.983  4 55613.33787765 12.539
  98  44.136765  65.906203    17.560    17.498  4 55623.25351452 11.907
  99  44.137167  65.907736    17.867    17.699  4 55633.16916737 10.697
 100  44.138069  65.908559     3.507     3.619  4 55643.08481799 27.696
 101  44.135347  65.908062    16.216    16.362  4 55653.00046536 13.234
 102  44.136927  65.906800    15.528    15.546  4 55662.91610883 21.093
 103  44.133354  65.905970    17.115    16.968  4 55672.83174883 27.834
 104  44.134640  65.906666    16.657    17.135  4 55682.74738786 30.811
 105  44.138029  65.908490    15.823    15.860  4 55692.66302565 27.287
 106  44.133849  65.909628     7.990     4.048  3 55702.57866117 32.946
 107  44.133650  65.910169    15.295    15.297  4 55712.49430447 25.067
 108  44.133526  65.910091     0.692     0.704  3 55722.40995393 37.575
 109  44.134458  65.910120     0.496     0.475  4 55732.32560146 37.854
 110  44.134022  65.910224    -0.131    -0.176  3 55742.24124760 39.991
 111  44.134280  65.910217    -0.524    -0.816  3 55752.15689250 49.806
 112  44.137240  65.909594     1.855     1.813  4 55762.07253531 33.216
 113  44.133635  65.908082     8.971     8.852  4 55771.98817467 26.279
 114  44.133797  65.906576     1.300     1.375  4 55781.90381088 35.963
 115  44.136264  65.906261     1.212     1.224  3 55791.81944475 36.394
 116  44.133787  65.906541     1.100     1.109  4 55801.73507751 34.320
 117  44.135623  65.907705    -0.376    -0.462  3 55811.65072788 46.175
 118  44.135562  65.908042    14.995    15.296  3 55821.56637649 24.219
 119  44.133896  65.907353     3.702     3.701  4 55831.48202014 36.128
 120  44.136044  65.906480     1.521     1.542  4 55841.39765957 32.826
 121  44.138729  65.906395     1.057     1.154  4 55851.31329599 42.570
 122  44.134211  65.907227     1.277     1.258  4 55861.22892971 34.403
 123  44.135100  65.909026    -0.012     0.001  4 55871.14458288 46.330
 133  44.136893  65.907083    17.733    17.381  4 55970.30102295 15.010
 134  44.133849  65.908059     8.548     8.154  4 55980.21665893 20.518
 135  44.136016  65.908268    17.672    17.437  4 55990.13229442 12.451
 136  44.135956  65.907571    17.606    17.564  4 56000.04793831 11.576
 137  44.135278  65.906611    18.117    17.781  4 56009.96358886 12.203
 138  44.134107  65.906429    11.665    14.699  4 56019.87923533 20.065
 139  44.137686  65.907615     7.188     4.140  4 56029.79487933 19.043
 141  44.134851  65.910022    12.332    15.757  3 56049.62616063 34.747
 142  44.133590  65.910220     1.432     1.432  3 56059.54179758 50.624
 143  44.133844  65.909582    15.597    15.769  4 56069.45743267 26.588
 144  44.133876  65.909647    16.109    16.048  3 56079.37308375 29.097
 145  44.132758  65.910151    11.978    14.932  4 56089.28873200 30.282
 146  44.132583  65.910851     1.098     1.032  3 56099.20437784 36.067
 147  44.132853  65.910323     0.203     0.258  3 56109.12000972 33.387
 148  44.138310  65.908706     0.125     0.093  4 56119.03565068 42.639
 149  44.136184  65.906385     8.894     8.781  4 56128.95128728 30.998
 150  44.134290  65.905351     3.101     3.119  4 56138.86692058 37.406
 151  44.137420  65.906951    15.749    15.736  4 56148.78256927 34.461
 152  44.138121  65.908897    12.083    15.357  4 56158.69821850 35.569
 153  44.136620  65.909426     0.630     0.615  4 56168.61386632 33.076
 154  44.137010  65.908213     0.051     0.075  4 56178.52951121 44.396
 155  44.135146  65.906501     0.716     0.772  4 56188.44515147 35.757
 156  44.133534  65.905987    17.013    16.854  4 56198.36078840 28.841
 157  44.137299  65.907676     1.771     1.843  4 56208.27642304 40.377
 158  44.133964  65.909585    16.047    16.161  4 56218.19205537 33.992
 159  44.134143  65.910923    10.338    14.547  3 56228.10770050 31.415
 160  44.134159  65.910613    -0.112    -0.129  3 56238.02335469 43.728
 161  44.135084  65.909790     0.594     0.500  4 56247.93900508 45.528
 162  44.134621  65.909330     1.081     1.061  4 56257.85465039 43.024
 163  44.134272  65.910101    14.211    14.447  3 56267.77029252 27.606
 164  44.134058  65.910781    14.936    14.840  4 56277.68593298 23.231
 165  44.134222  65.910567    15.276    15.125  3 56287.60158143 18.427
 166  44.137691  65.908745    15.008    15.068  4 56297.51723095 17.403
 167  44.134423  65.906319    16.103    16.195  4 56307.43287589 17.553
 168  44.134107  65.905599    15.986    15.952  4 56317.34851836 14.985
 169  44.133122  65.907191    16.747    16.777  4 56327.26415935 15.316
 170  44.133702  65.909181    17.336    17.353  4 56337.17979948 17.969
 171  44.135151  65.909742    17.447    17.064  3 56347.09543799 16.077
 172  44.136349  65.908265    18.014    17.751  4 56357.01107385 13.570
 173  44.136419  65.906606    17.780    17.547  4 56366.92672206 12.028
 176  44.134656  65.910890     5.369     3.272  3 56396.67365969 19.570
 177  44.134181  65.912026    12.321    15.262  4 56406.58930100 36.031
 178  44.134278  65.911400    10.088     9.963  4 56416.50493873 36.657
 179  44.135328  65.909697     1.511     1.522  4 56426.42057176 36.978
 180  44.138120  65.909212     0.729     0.764  4 56436.33622248 46.593
 181  44.135023  65.909662     2.274     2.292  3 56446.25187392 47.448
 182  44.133540  65.910749     8.435     8.409  4 56456.16752319 28.883
 183  44.133136  65.910587     1.029     1.085  4 56466.08316941 39.404
 184  44.136469  65.908988     0.622     0.556  4 56475.99881204 49.928
 185  44.136961  65.906623     0.087    -0.132  4 56485.91445085 43.327
 187  44.138031  65.907004     1.270     1.205  4 56505.74572142 45.010
 188  44.136720  65.908852     1.929     2.000  4 56515.66135436 35.444
 189  44.134760  65.909698     1.974     1.984  3 56525.57700874 44.376
 190  44.134806  65.908771     8.219     8.087  4 56535.49265948 31.245
 192  44.137267  65.907214     0.002    -0.053  4 56555.32395083 48.879
 193  44.132907  65.908653     4.098     0.308  4 56565.23959324 30.108
 194  44.134237  65.911055    11.802    14.955  4 56575.15523485 28.892
 195  44.133893  65.912140     2.495     2.466  4 56585.07087328 43.405
 196  44.134160  65.911348     0.668     0.567  3 56594.98650958 47.693
 197  44.133794  65.910064     1.165     1.169  4 56604.90216233 48.739
 198  44.134064  65.909202     1.356     1.317  4 56614.81781036 48.269
 199  44.133265  65.909377     1.771     1.772  4 56624.73345455 42.065
 200  44.132523  65.909776     4.051     4.044  4 56634.64909597 33.703
 201  44.134972  65.909742     3.017     2.978  4 56644.56473347 31.660
 202  44.135753  65.908680     0.298     0.447  3 56654.48038640 31.693
 203  44.136936  65.907184     0.029     0.037  4 56664.39603510 33.161
 205  44.137585  65.907684     1.336     1.323  4 56684.22732584 22.066
 206  44.136529  65.909153    10.690    13.479  4 56694.14296845 17.667
 207  44.134137  65.909695     2.169     2.233  3 56704.05860653 24.331
 208  44.132765  65.908690     2.005     2.012  4 56713.97423932 40.538
 209  44.136970  65.908081    -4.007    -3.919  4 56723.88988950 12.827
 210  44.137143  65.908243     5.101     1.834  4 56733.80553995 25.876
 211  44.135130  65.909825    17.371    17.241  4 56743.72118685 13.016
 212  44.131344  65.911392    16.244    16.507  3 56753.63682929 13.891
 213  44.131496  65.911953     3.207     3.163  3 56763.55246665 46.676
 214  44.132945  65.911086    12.310    16.349  3 56773.46810060 33.731
 215  44.133389  65.910261    17.220    16.928  4 56783.38375804 28.016
 216  44.134839  65.909909     2.416     2.413  3 56793.29941192 46.568
 217  44.132959  65.909984     2.024     1.998  4 56803.21506261 43.220
 218  44.135131  65.910126    12.405    15.424  4 56813.13070582 24.641
 219  44.136242  65.909531     9.860     9.725  4 56823.04634538 29.851
 220  44.136934  65.908347    -3.792    -3.594  4 56832.96198074 12.870
 221  44.137020  65.907241     0.983     0.868  4 56842.87761262 50.380
 222  44.135629  65.907172     0.711     0.699  3 56852.79325311 41.687
 223  44.134616  65.908068     0.573     0.748  4 56862.70890717 35.763
 224  44.135539  65.909154     1.831     1.893  4 56872.62456086 40.124
 225  44.134741  65.909418     4.188     4.130  3 56882.54021126 40.140
 226  44.137296  65.909380    16.380    16.453  4 56892.45585839 28.521
 227  44.137748  65.909170     0.851     0.819  4 56902.37150221 36.196
 228  44.134024  65.909762     0.966     0.948  3 56912.28714373 35.551
 229  44.134156  65.910830    10.611    15.387  3 56922.20278399 36.402
 230  44.131182  65.911517    15.913    15.989  3 56932.11842167 29.292
 231  44.133112  65.911372     9.357     9.187  4 56942.03405456 33.553
 232  44.133627  65.910605     3.019     2.929  4 56951.94969734 41.263
 233  44.135357  65.910041     0.929     0.924  4 56961.86534851 45.714
 234  44.134869  65.909884     0.640     0.622  3 56971.78099459 43.440
 235  44.133583  65.909834    11.526    14.967  4 56981.69663649 40.716
 236  44.135484  65.909493    -0.299    -0.201  3 56991.61227422 37.234
 237  44.137020  65.908298     1.624     1.645  4 57001.52790655 30.519
 238  44.135350  65.907490     5.856     2.848  4 57011.44356390 28.324
 239  44.133352  65.907087    15.428    15.448  4 57021.35921539 20.425
 240  44.134514  65.908017    15.833    15.912  4 57031.27486433 15.663
 241  44.137761  65.909176    17.148    16.825  4 57041.19051153 15.206
 242  44.136631  65.909640    17.880    17.732  4 57051.10615621 14.798
 243  44.134841  65.909037    17.476    17.312  4 57061.02179663 14.136
 244  44.134335  65.908446    17.593    17.361  4 57070.93743163 13.897
 245  44.133042  65.908535    17.433    17.423  4 57080.85306230 14.412
 246  44.134356  65.909998    17.178    17.158  4 57090.76870412 12.383
 247  44.132139  65.911639    16.507    16.667  4 57100.68436165 10.313
 248  44.132552  65.912214    17.939    17.893  4 57110.60001623 11.197
 249  44.133921  65.911282    16.272    16.278  4 57120.51566522 19.933
 250  44.135388  65.909953     3.021     3.059  4 57130.43130840 21.595
