# NaN NaN NaN ;Mean Elev.(m), Avg Gradient(m/km), RMS Gradient(m/km) - SRTM1     
#    9.840  -1.053   2.774 ;Mean Elev.(m), Avg Gradient(m/km), RMS Gradient(m/km) - ASTER GDEM
#    9.495   0.600   2.601 ;Mean Elev.(m), Avg Gradient(m/km), RMS Gradient(m/km) - GMTED2010 
   2     1.995 54673.38334749 35.14  44.132725  65.887127 32.690 -100.00 -100.00 -100.00
   2     2.330 54673.38334808 36.46  44.139076  65.886740   -100 -100.00 -100.00 -100.00
   3   -17.977 54683.29899067 12.07  44.129764  65.888520  2.576 -100.00 -100.00 -100.00
   3   -17.524 54683.29899126 11.85  44.136115  65.888133  2.652 -100.00 -100.00 -100.00
   4     4.901 54693.21463294 35.63  44.130823  65.889221 26.841 -100.00 -100.00 -100.00
   4     1.485 54693.21463353 37.89  44.137174  65.888834   -100 -100.00 -100.00 -100.00
   5   -17.204 54703.13027263 13.79  44.130338  65.888778  2.899 -100.00 -100.00 -100.00
   5   -17.571 54703.13027322 13.22  44.136689  65.888392  3.160 -100.00 -100.00 -100.00
   6     4.787 54713.04592222 27.46  44.132079  65.886671 19.041 -100.00 -100.00 -100.00
   6    15.482 54713.04592281 25.34  44.138429  65.886285 14.519 -100.00 -100.00 -100.00
   7   -46.593 54722.96157301 21.59  44.131045  65.884793 12.229 -100.00 -100.00 -100.00
   7   -20.863 54722.96157360 16.23  44.137394  65.884406  7.814 -100.00 -100.00 -100.00
   7   -20.475 54722.96157419 12.64  44.143743  65.884019  2.761 -100.00 -100.00 -100.00
   8     1.970 54732.87722139 43.57  44.130599  65.883893 27.529 -100.00 -100.00 -100.00
   8     1.944 54732.87722198 46.87  44.136948  65.883506   -100 -100.00 -100.00 -100.00
   8     1.589 54732.87722258 51.81  44.143297  65.883119   -100 -100.00 -100.00 -100.00
   9     1.606 54742.79286812 43.64  44.129629  65.884677 25.547 -100.00 -100.00 -100.00
   9     1.461 54742.79286871 45.88  44.135978  65.884290 29.439 -100.00 -100.00 -100.00
   9     1.262 54742.79286930 49.77  44.142328  65.883903   -100 -100.00 -100.00 -100.00
  10     1.755 54752.70851493 45.99  44.132297  65.885337 29.450 -100.00 -100.00 -100.00
  10     1.766 54752.70851553 47.94  44.138647  65.884950   -100 -100.00 -100.00 -100.00
  10     1.217 54752.70851612 50.85  44.144997  65.884562  7.986 -100.00 -100.00 -100.00
  11     1.668 54762.62416122 35.65  44.132987  65.885138 28.109 -100.00 -100.00 -100.00
  11     2.106 54762.62416181 34.18  44.139337  65.884750 20.136 -100.00 -100.00 -100.00
  11     2.497 54762.62416240 31.63  44.145687  65.884363 14.038 -100.00 -100.00 -100.00
  12     3.055 54772.53980529 42.74  44.136224  65.883510   -100 -100.00 -100.00 -100.00
  12     3.013 54772.53980588 42.36  44.142573  65.883123   -100 -100.00 -100.00 -100.00
  12     2.834 54772.53980647 42.80  44.148923  65.882735   -100 -100.00 -100.00 -100.00
  13    25.412 54782.45544581 27.47  44.132553  65.882591  8.432 -100.00 -100.00 -100.00
  13    25.340 54782.45544640 28.98  44.138903  65.882204 10.900 -100.00 -100.00 -100.00
  13    22.639 54782.45544699 28.18  44.145252  65.881816  9.391 -100.00 -100.00 -100.00
  14     2.421 54792.37108451 39.83  44.135623  65.882526   -100 -100.00 -100.00 -100.00
  14     2.233 54792.37108510 40.64  44.141973  65.882139   -100 -100.00 -100.00 -100.00
  14     2.257 54792.37108569 42.80  44.148322  65.881751   -100 -100.00 -100.00 -100.00
  17     1.106 54822.11800096 38.98  44.134307  65.886403 25.249 -100.00 -100.00 -100.00
  17     0.367 54822.11800155 40.97  44.140658  65.886016  2.405 -100.00 -100.00 -100.00
  18     2.021 54832.03364092 37.85  44.128435  65.886110 31.564 -100.00 -100.00 -100.00
  18     2.782 54832.03364151 39.90  44.134786  65.885723 19.717 -100.00 -100.00 -100.00
  18     1.826 54832.03364210 44.99  44.141136  65.885336   -100 -100.00 -100.00 -100.00
  19     2.616 54841.94929117 36.32  44.128770  65.885937   -100 -100.00 -100.00 -100.00
  19     2.831 54841.94929176 37.80  44.135120  65.885550 32.534 -100.00 -100.00 -100.00
  19     2.267 54841.94929235 41.16  44.141470  65.885162 18.365 -100.00 -100.00 -100.00
  20     1.957 54851.86494046 29.29  44.132723  65.886663   -100 -100.00 -100.00 -100.00
  20     2.216 54851.86494105 27.71  44.139073  65.886276 27.475 -100.00 -100.00 -100.00
  21     2.253 54861.78058903 22.89  44.133125  65.888196 18.523 -100.00 -100.00 -100.00
  21     2.236 54861.78058962 20.81  44.139475  65.887809 13.192 -100.00 -100.00 -100.00
  22    16.430 54871.69623762 15.07  44.133515  65.888887  4.834 -100.00 -100.00 -100.00
  22    15.903 54871.69623821 15.46  44.139866  65.888500  5.924 -100.00 -100.00 -100.00
  23    16.322 54881.61188417 15.12  44.129779  65.887899  5.067 -100.00 -100.00 -100.00
  23    15.838 54881.61188476 16.04  44.136130  65.887511  5.716 -100.00 -100.00 -100.00
  24    15.969 54891.52752795 16.34  44.130955  65.885247  5.355 -100.00 -100.00 -100.00
  24    15.441 54891.52752854 17.29  44.137305  65.884860  7.358 -100.00 -100.00 -100.00
  24    14.966 54891.52752913 19.05  44.143655  65.884472  9.827 -100.00 -100.00 -100.00
  25     7.855 54901.44316905 17.94  44.134583  65.882841  7.996 -100.00 -100.00 -100.00
  25     2.942 54901.44316965 19.20  44.140933  65.882453 11.260 -100.00 -100.00 -100.00
  25     3.757 54901.44317024 18.02  44.147282  65.882065  8.705 -100.00 -100.00 -100.00
  26    14.588 54911.35880821 17.67  44.136160  65.882838  7.777 -100.00 -100.00 -100.00
  26     2.831 54911.35880880 20.30  44.142509  65.882450 13.043 -100.00 -100.00 -100.00
  26    15.361 54911.35880939 16.28  44.148858  65.882062  6.818 -100.00 -100.00 -100.00
  27    16.090 54921.27444590 16.36  44.134338  65.884610  5.756 -100.00 -100.00 -100.00
  27    16.509 54921.27444649 15.93  44.140688  65.884222  5.244 -100.00 -100.00 -100.00
  27    17.154 54921.27444708 15.60  44.147038  65.883835  5.197 -100.00 -100.00 -100.00
  28    16.360 54931.19008311 16.48  44.133650  65.885981  6.220 -100.00 -100.00 -100.00
  28    16.101 54931.19008370 17.15  44.140000  65.885593  7.213 -100.00 -100.00 -100.00
  29     6.822 54941.10571901 18.29  44.133539  65.885477 11.640 -100.00 -100.00 -100.00
  29     2.993 54941.10571960 18.19  44.139889  65.885089 11.513 -100.00 -100.00 -100.00
  29     8.779 54941.10572019 17.20  44.146238  65.884702  9.951 -100.00 -100.00 -100.00
  30    15.054 54951.02135312 17.44  44.131692  65.883922 11.474 -100.00 -100.00 -100.00
  30    15.795 54951.02135371 15.91  44.138041  65.883535  9.080 -100.00 -100.00 -100.00
  30    15.510 54951.02135430 15.75  44.144390  65.883148  8.088 -100.00 -100.00 -100.00
  31     2.532 54960.93699445 33.14  44.137771  65.882138 31.485 -100.00 -100.00 -100.00
  31     2.813 54960.93699504 32.41  44.144119  65.881751 21.508 -100.00 -100.00 -100.00
  31     2.906 54960.93699563 37.01  44.150467  65.881364   -100 -100.00 -100.00 -100.00
  32    15.943 54970.85264302 28.74  44.136980  65.882701 11.259 -100.00 -100.00 -100.00
  32     3.286 54970.85264361 30.68  44.143329  65.882313 15.589 -100.00 -100.00 -100.00
  32    12.597 54970.85264420 30.88  44.149677  65.881926 16.598 -100.00 -100.00 -100.00
  33     2.643 54980.76829022 39.64  44.134807  65.884576   -100 -100.00 -100.00 -100.00
  33     2.763 54980.76829081 42.75  44.141156  65.884189   -100 -100.00 -100.00 -100.00
  33     3.063 54980.76829140 44.07  44.147505  65.883802   -100 -100.00 -100.00 -100.00
  34   -20.861 54990.68393686  9.65  44.129587  65.886468  2.365 -100.00 -100.00 -100.00
  34   -20.855 54990.68393745  9.64  44.135937  65.886081  2.347 -100.00 -100.00 -100.00
  34   -20.864 54990.68393804  9.46  44.142287  65.885694  2.600 -100.00 -100.00 -100.00
  35     1.481 55000.59958421 34.38  44.134262  65.886298   -100 -100.00 -100.00 -100.00
  35     1.895 55000.59958480 34.03  44.140612  65.885911 32.578 -100.00 -100.00 -100.00
  36     3.820 55010.51522883 29.14  44.128477  65.886284 19.616 -100.00 -100.00 -100.00
  36     1.972 55010.51522942 31.34  44.134827  65.885897 27.413 -100.00 -100.00 -100.00
  36     2.460 55010.51523001 31.25  44.141177  65.885510 24.085 -100.00 -100.00 -100.00
  37     1.051 55020.43087287 40.88  44.133103  65.885677 30.740 -100.00 -100.00 -100.00
  37     0.721 55020.43087346 41.14  44.139453  65.885290   -100 -100.00 -100.00 -100.00
  37     0.993 55020.43087405 39.02  44.145803  65.884903   -100 -100.00 -100.00 -100.00
  38     3.782 55030.34651531 30.70  44.133379  65.886601   -100 -100.00 -100.00 -100.00
  38     2.588 55030.34651591 32.76  44.139729  65.886213   -100 -100.00 -100.00 -100.00
  39     4.622 55040.26215680 34.23  44.130423  65.888154   -100 -100.00 -100.00 -100.00
  39     2.285 55040.26215739 34.44  44.136774  65.887767   -100 -100.00 -100.00 -100.00
  40     1.057 55050.17779739 37.03  44.132482  65.888905   -100 -100.00 -100.00 -100.00
  40     1.272 55050.17779798 38.17  44.138833  65.888518   -100 -100.00 -100.00 -100.00
  41     0.480 55060.09343587 43.07  44.134193  65.887741   -100 -100.00 -100.00 -100.00
  41     0.932 55060.09343646 41.03  44.140543  65.887354   -100 -100.00 -100.00 -100.00
  42     0.210 55070.00907625 43.05  44.129288  65.885480 30.936 -100.00 -100.00 -100.00
  42     0.141 55070.00907684 43.59  44.135638  65.885093   -100 -100.00 -100.00 -100.00
  42    -0.182 55070.00907744 48.02  44.141987  65.884706   -100 -100.00 -100.00 -100.00
  43    -0.023 55079.92472607 43.97  44.133171  65.882806   -100 -100.00 -100.00 -100.00
  43    -0.247 55079.92472666 46.41  44.139520  65.882419   -100 -100.00 -100.00 -100.00
  43    -0.412 55079.92472725 49.23  44.145868  65.882032 11.948 -100.00 -100.00 -100.00
  44     2.818 55089.84037367 43.09  44.134887  65.882368   -100 -100.00 -100.00 -100.00
  44     2.605 55089.84037426 46.06  44.141235  65.881981   -100 -100.00 -100.00 -100.00
  44     2.546 55089.84037485 47.87  44.147584  65.881593   -100 -100.00 -100.00 -100.00
  45     2.622 55099.75601986 33.01  44.134035  65.883986 30.198 -100.00 -100.00 -100.00
  45     2.703 55099.75602045 35.10  44.140384  65.883598 30.902 -100.00 -100.00 -100.00
  45     2.741 55099.75602104 39.02  44.146733  65.883211   -100 -100.00 -100.00 -100.00
  46     1.624 55109.67166516 44.94  44.129157  65.885996   -100 -100.00 -100.00 -100.00
  46     1.907 55109.67166575 46.21  44.135506  65.885608   -100 -100.00 -100.00 -100.00
  46     1.544 55109.67166634 47.96  44.141856  65.885221   -100 -100.00 -100.00 -100.00
  47     2.022 55119.58730980 35.86  44.132368  65.885591 31.555 -100.00 -100.00 -100.00
  47     2.194 55119.58731039 36.11  44.138719  65.885204 30.242 -100.00 -100.00 -100.00
  47     2.178 55119.58731098 35.71  44.145069  65.884816   -100 -100.00 -100.00 -100.00
  48     0.287 55129.50295179 42.19  44.133779  65.883461   -100 -100.00 -100.00 -100.00
  48     0.266 55129.50295238 43.89  44.140129  65.883074   -100 -100.00 -100.00 -100.00
  48     1.055 55129.50295297 37.54  44.146479  65.882686   -100 -100.00 -100.00 -100.00
  49     1.083 55139.41859206 43.16  44.138232  65.881271 20.055 -100.00 -100.00 -100.00
  49     0.029 55139.41859265 55.33  44.144581  65.880883 21.657 -100.00 -100.00 -100.00
  49     0.325 55139.41859324 50.15  44.150930  65.880496   -100 -100.00 -100.00 -100.00
  50     1.459 55149.33423035 40.61  44.134859  65.881845   -100 -100.00 -100.00 -100.00
  50     1.561 55149.33423094 44.18  44.141209  65.881457   -100 -100.00 -100.00 -100.00
  50     1.135 55149.33423153 46.28  44.147558  65.881070  3.788 -100.00 -100.00 -100.00
  51     1.812 55159.24986843 41.34  44.133274  65.884368 29.630 -100.00 -100.00 -100.00
  51     1.675 55159.24986902 44.20  44.139624  65.883981   -100 -100.00 -100.00 -100.00
  51     1.494 55159.24986961 45.78  44.145974  65.883594   -100 -100.00 -100.00 -100.00
  52     1.972 55169.16550618 40.12  44.131479  65.886803 24.390 -100.00 -100.00 -100.00
  52     1.289 55169.16550677 43.02  44.137829  65.886416   -100 -100.00 -100.00 -100.00
  53     1.521 55179.08114296 38.01  44.129748  65.887670 31.366 -100.00 -100.00 -100.00
  53     1.590 55179.08114355 39.94  44.136099  65.887283 28.264 -100.00 -100.00 -100.00
  54     1.502 55188.99678929 29.13  44.131883  65.886562   -100 -100.00 -100.00 -100.00
  54     1.392 55188.99678988 29.86  44.138233  65.886175   -100 -100.00 -100.00 -100.00
  55     1.535 55198.91244018 22.38  44.134635  65.885798 21.987 -100.00 -100.00 -100.00
  55     1.536 55198.91244077 24.12  44.140985  65.885411 29.526 -100.00 -100.00 -100.00
  56     1.402 55208.82808936 21.27  44.128842  65.886759 17.340 -100.00 -100.00 -100.00
  56     1.551 55208.82808995 20.68  44.135192  65.886372 14.296 -100.00 -100.00 -100.00
  56     1.471 55208.82809054 20.36  44.141542  65.885984 13.852 -100.00 -100.00 -100.00
  57     1.959 55218.74373869 21.62  44.130541  65.887942 16.120 -100.00 -100.00 -100.00
  57     1.710 55218.74373928 24.63  44.136892  65.887555 25.680 -100.00 -100.00 -100.00
  58     1.961 55228.65938715 20.54  44.131193  65.888026 12.693 -100.00 -100.00 -100.00
  58     1.764 55228.65938774 23.18  44.137543  65.887639 19.957 -100.00 -100.00 -100.00
  59     1.515 55238.57503274 20.43  44.133510  65.886535 13.780 -100.00 -100.00 -100.00
  59     1.273 55238.57503333 21.10  44.139860  65.886147 15.666 -100.00 -100.00 -100.00
  60     1.186 55248.49067456 21.21  44.133273  65.884107 16.147 -100.00 -100.00 -100.00
  60     7.901 55248.49067515 19.34  44.139623  65.883719 11.766 -100.00 -100.00 -100.00
  60     1.156 55248.49067574 20.66  44.145973  65.883332 14.977 -100.00 -100.00 -100.00
  61     1.648 55258.40631429 23.37  44.136247  65.882182 25.690 -100.00 -100.00 -100.00
  61     1.782 55258.40631488 24.99  44.142596  65.881794 28.925 -100.00 -100.00 -100.00
  61     1.592 55258.40631547 23.74  44.148945  65.881407 27.616 -100.00 -100.00 -100.00
  62    16.331 55268.32195259 11.86  44.132536  65.882551  5.112 -100.00 -100.00 -100.00
  62    15.736 55268.32195318 12.13  44.138885  65.882163  5.070 -100.00 -100.00 -100.00
  62    15.971 55268.32195377 11.97  44.145235  65.881775  5.558 -100.00 -100.00 -100.00
  63    15.563 55278.23759072 13.62  44.130849  65.884328  7.173 -100.00 -100.00 -100.00
  63    14.591 55278.23759131 13.93  44.137199  65.883941  7.582 -100.00 -100.00 -100.00
  63    13.031 55278.23759190 15.19  44.143548  65.883554  8.965 -100.00 -100.00 -100.00
  64     2.068 55288.15322780 27.33  44.131319  65.885629   -100 -100.00 -100.00 -100.00
  64     2.334 55288.15322839 25.74  44.137669  65.885241   -100 -100.00 -100.00 -100.00
  64     2.072 55288.15322898 26.95  44.144019  65.884854   -100 -100.00 -100.00 -100.00
  65     1.711 55298.06886251 21.90  44.131551  65.885636 20.936 -100.00 -100.00 -100.00
  65     1.702 55298.06886310 23.54  44.137901  65.885249 29.044 -100.00 -100.00 -100.00
  65     1.516 55298.06886370 22.06  44.144250  65.884861 25.025 -100.00 -100.00 -100.00
  66    25.071 55307.98450546 23.15  44.135538  65.883676 12.207 -100.00 -100.00 -100.00
  66    24.977 55307.98450605 23.52  44.141887  65.883289 13.434 -100.00 -100.00 -100.00
  66    16.458 55307.98450664 23.00  44.148236  65.882901 11.683 -100.00 -100.00 -100.00
  67     5.172 55317.90015164 40.17  44.133452  65.882279   -100 -100.00 -100.00 -100.00
  67     5.245 55317.90015223 36.98  44.139801  65.881892 24.009 -100.00 -100.00 -100.00
  67     5.102 55317.90015282 35.55  44.146149  65.881504 19.264 -100.00 -100.00 -100.00
  68     1.844 55327.81579668 44.08  44.131553  65.882584 30.349 -100.00 -100.00 -100.00
  68     1.657 55327.81579727 45.39  44.137902  65.882197   -100 -100.00 -100.00 -100.00
  68     1.751 55327.81579786 49.19  44.144250  65.881810   -100 -100.00 -100.00 -100.00
  68     1.599 55327.81579845 49.89  44.150598  65.881422  1.255 -100.00 -100.00 -100.00
  69     2.857 55337.73144130 28.33  44.133840  65.884341 31.862 -100.00 -100.00 -100.00
  69     2.755 55337.73144189 31.75  44.140189  65.883954   -100 -100.00 -100.00 -100.00
  69     2.966 55337.73144248 30.62  44.146537  65.883566   -100 -100.00 -100.00 -100.00
  70     2.396 55347.64708490 35.10  44.130019  65.886559   -100 -100.00 -100.00 -100.00
  70     2.434 55347.64708549 35.72  44.136369  65.886172   -100 -100.00 -100.00 -100.00
  70     2.756 55347.64708608 36.69  44.142719  65.885785   -100 -100.00 -100.00 -100.00
  71     1.794 55357.56272739 34.82  44.131671  65.887252   -100 -100.00 -100.00 -100.00
  71     2.089 55357.56272798 35.89  44.138022  65.886865   -100 -100.00 -100.00 -100.00
  72     0.893 55367.47836752 41.89  44.129577  65.887110   -100 -100.00 -100.00 -100.00
  72     0.571 55367.47836811 44.10  44.135927  65.886723   -100 -100.00 -100.00 -100.00
  72     0.532 55367.47836870 48.51  44.142277  65.886335 22.473 -100.00 -100.00 -100.00
  73     4.600 55377.39400631 31.69  44.128665  65.886749 17.445 -100.00 -100.00 -100.00
  73     2.116 55377.39400690 31.57  44.135015  65.886362 17.045 -100.00 -100.00 -100.00
  73     2.618 55377.39400749 32.40  44.141365  65.885974 21.135 -100.00 -100.00 -100.00
  74     0.342 55387.30964477 41.01  44.133221  65.886809 26.904 -100.00 -100.00 -100.00
  74    -0.406 55387.30964536 45.48  44.139571  65.886421  2.549 -100.00 -100.00 -100.00
  75     2.518 55397.22528191 35.15  44.133487  65.887525   -100 -100.00 -100.00 -100.00
  75     2.466 55397.22528250 38.77  44.139837  65.887138 10.765 -100.00 -100.00 -100.00
  76     4.275 55407.14092458 34.91  44.129038  65.887894 24.088 -100.00 -100.00 -100.00
  76     2.344 55407.14092517 38.19  44.135389  65.887507   -100 -100.00 -100.00 -100.00
  76     2.510 55407.14092576 39.74  44.141739  65.887120   -100 -100.00 -100.00 -100.00
  77     4.005 55417.05657579 35.80  44.129328  65.886528   -100 -100.00 -100.00 -100.00
  77     2.187 55417.05657638 35.90  44.135678  65.886142   -100 -100.00 -100.00 -100.00
  77     2.055 55417.05657697 37.63  44.142027  65.885755   -100 -100.00 -100.00 -100.00
  78     2.402 55426.97222362 33.85  44.129912  65.884287 22.228 -100.00 -100.00 -100.00
  78     2.781 55426.97222421 32.86  44.136261  65.883900 16.979 -100.00 -100.00 -100.00
  78     3.014 55426.97222480 34.53  44.142609  65.883512 21.188 -100.00 -100.00 -100.00
  79     0.453 55436.88786894 40.95  44.132939  65.882681   -100 -100.00 -100.00 -100.00
  79     1.172 55436.88786953 37.49  44.139287  65.882294   -100 -100.00 -100.00 -100.00
  79     2.789 55436.88787012 34.05  44.145636  65.881906 18.674 -100.00 -100.00 -100.00
  80     2.194 55446.80351272 33.82  44.134274  65.882735 23.653 -100.00 -100.00 -100.00
  80     2.921 55446.80351331 32.91  44.140623  65.882348 17.766 -100.00 -100.00 -100.00
  80     3.003 55446.80351390 32.83  44.146972  65.881960 19.216 -100.00 -100.00 -100.00
  81     2.519 55456.71915583 33.14  44.133868  65.883941 16.848 -100.00 -100.00 -100.00
  81     2.714 55456.71915642 34.66  44.140217  65.883553 23.803 -100.00 -100.00 -100.00
  81     2.562 55456.71915701 36.25  44.146566  65.883166 28.477 -100.00 -100.00 -100.00
  82     2.690 55466.63479809 33.62  44.131565  65.885169 28.978 -100.00 -100.00 -100.00
  82     2.893 55466.63479868 40.24  44.137915  65.884782   -100 -100.00 -100.00 -100.00
  82     3.063 55466.63479927 38.18  44.144265  65.884395   -100 -100.00 -100.00 -100.00
  83     2.467 55476.55043735 34.48  44.130709  65.885028 32.027 -100.00 -100.00 -100.00
  83     2.237 55476.55043794 39.22  44.137059  65.884641   -100 -100.00 -100.00 -100.00
  83     2.730 55476.55043853 35.67  44.143409  65.884254 30.950 -100.00 -100.00 -100.00
  84     2.561 55486.46607372 33.48  44.132621  65.883747 16.987 -100.00 -100.00 -100.00
  84     2.858 55486.46607431 35.70  44.138972  65.883360 22.314 -100.00 -100.00 -100.00
  84     1.504 55486.46607490 39.38  44.145321  65.882972   -100 -100.00 -100.00 -100.00
  85     0.412 55496.38170778 37.00  44.132904  65.882724   -100 -100.00 -100.00 -100.00
  85     1.577 55496.38170837 32.03  44.139254  65.882336 16.701 -100.00 -100.00 -100.00
  85     1.483 55496.38170896 33.11  44.145604  65.881949 18.277 -100.00 -100.00 -100.00
  86     1.721 55506.29734359 34.88  44.136430  65.883216 23.714 -100.00 -100.00 -100.00
  86     1.630 55506.29734418 37.38  44.142781  65.882829   -100 -100.00 -100.00 -100.00
  86     1.423 55506.29734477 39.13  44.149130  65.882441   -100 -100.00 -100.00 -100.00
  87     1.784 55516.21299381 39.91  44.133466  65.884891 23.038 -100.00 -100.00 -100.00
  87     1.207 55516.21299440 46.32  44.139816  65.884504   -100 -100.00 -100.00 -100.00
  87     1.291 55516.21299499 45.67  44.146167  65.884117   -100 -100.00 -100.00 -100.00
  88     4.441 55526.12864298 31.09  44.129155  65.886750 18.372 -100.00 -100.00 -100.00
  88     2.849 55526.12864357 33.13  44.135505  65.886363   -100 -100.00 -100.00 -100.00
  88     2.578 55526.12864416 38.45  44.141856  65.885976 10.654 -100.00 -100.00 -100.00
  89     2.737 55536.04429079 29.06  44.131468  65.887178 21.771 -100.00 -100.00 -100.00
  89     2.685 55536.04429138 32.08  44.137818  65.886791   -100 -100.00 -100.00 -100.00
  90     1.897 55545.95993630 23.19  44.131882  65.886899 14.560 -100.00 -100.00 -100.00
  90     2.116 55545.95993689 20.43  44.138232  65.886512  8.745 -100.00 -100.00 -100.00
  91    15.122 55555.87557967 17.50  44.129187  65.886907  5.665 -100.00 -100.00 -100.00
  91    14.417 55555.87558026 17.67  44.135537  65.886520  6.459 -100.00 -100.00 -100.00
  91    14.146 55555.87558085 18.37  44.141887  65.886132  8.178 -100.00 -100.00 -100.00
  92    15.926 55565.79122237 15.40  44.129315  65.887240  4.559 -100.00 -100.00 -100.00
  92    15.658 55565.79122296 16.08  44.135665  65.886852  5.875 -100.00 -100.00 -100.00
  92    15.085 55565.79122355 16.63  44.142015  65.886465  6.259 -100.00 -100.00 -100.00
  93    16.212 55575.70686460 14.90  44.131126  65.887267  4.222 -100.00 -100.00 -100.00
  93    15.801 55575.70686519 15.19  44.137476  65.886879  4.375 -100.00 -100.00 -100.00
  94    15.494 55585.62250500 18.23  44.131622  65.886383 11.273 -100.00 -100.00 -100.00
  94     2.314 55585.62250560 18.66  44.137972  65.885996 11.381 -100.00 -100.00 -100.00
  94    15.377 55585.62250619 15.91  44.144322  65.885608  7.995 -100.00 -100.00 -100.00
  95    16.449 55595.53814223 14.24  44.132891  65.884875  4.342 -100.00 -100.00 -100.00
  95    15.678 55595.53814282 15.82  44.139241  65.884488  6.919 -100.00 -100.00 -100.00
  95    16.296 55595.53814341 14.39  44.145591  65.884100  4.331 -100.00 -100.00 -100.00
  96    16.508 55605.45377646 12.41  44.136247  65.883567  3.770 -100.00 -100.00 -100.00
  96    16.211 55605.45377705 11.95  44.142598  65.883180  3.437 -100.00 -100.00 -100.00
  96    17.748 55605.45377764 11.96  44.148948  65.882792  3.239 -100.00 -100.00 -100.00
  97    16.517 55615.36940790 12.21  44.132176  65.883695  3.538 -100.00 -100.00 -100.00
  97    16.509 55615.36940849 12.53  44.138527  65.883308  3.626 -100.00 -100.00 -100.00
  97    16.259 55615.36940908 12.87  44.144876  65.882921  4.012 -100.00 -100.00 -100.00
  98    16.439 55625.28504840 12.77  44.130909  65.884505  4.934 -100.00 -100.00 -100.00
  98    15.943 55625.28504899 13.15  44.137259  65.884119  5.747 -100.00 -100.00 -100.00
  98    15.813 55625.28504958 13.05  44.143609  65.883731  5.737 -100.00 -100.00 -100.00
  99    16.590 55635.20070088 10.22  44.133043  65.884806  3.865 -100.00 -100.00 -100.00
  99    16.919 55635.20070147 10.22  44.139393  65.884419  3.089 -100.00 -100.00 -100.00
  99    18.227 55635.20070206 10.33  44.145743  65.884031  3.438 -100.00 -100.00 -100.00
 100    15.771 55645.11635087 13.85  44.131455  65.884820  7.161 -100.00 -100.00 -100.00
 100    16.485 55645.11635146 12.11  44.137805  65.884433  3.866 -100.00 -100.00 -100.00
 100    15.908 55645.11635205 13.22  44.144154  65.884046  5.539 -100.00 -100.00 -100.00
 101     2.201 55655.03199833 30.53  44.132271  65.884096   -100 -100.00 -100.00 -100.00
 101     2.393 55655.03199892 28.99  44.138620  65.883709   -100 -100.00 -100.00 -100.00
 101     2.133 55655.03199951 31.47  44.144969  65.883322   -100 -100.00 -100.00 -100.00
 102    15.878 55664.94764132 22.38  44.134062  65.883282 11.055 -100.00 -100.00 -100.00
 102    14.633 55664.94764191 24.29  44.140411  65.882895 14.614 -100.00 -100.00 -100.00
 102    14.489 55664.94764250 22.85  44.146759  65.882507 11.642 -100.00 -100.00 -100.00
 103     3.075 55674.86328121 30.68  44.134669  65.883213 19.017 -100.00 -100.00 -100.00
 103     3.172 55674.86328180 34.14  44.141018  65.882825 28.960 -100.00 -100.00 -100.00
 103     3.473 55674.86328239 35.59  44.147366  65.882438 26.605 -100.00 -100.00 -100.00
 104     3.752 55684.77891921 41.64  44.133311  65.884225   -100 -100.00 -100.00 -100.00
 104     3.947 55684.77891980 44.30  44.139660  65.883838   -100 -100.00 -100.00 -100.00
 104     4.011 55684.77892039 44.34  44.146009  65.883451   -100 -100.00 -100.00 -100.00
 105     2.761 55694.69455598 30.66  44.131586  65.885747 18.966 -100.00 -100.00 -100.00
 105     2.866 55694.69455657 30.26  44.137936  65.885360 18.995 -100.00 -100.00 -100.00
 105     2.926 55694.69455716 30.21  44.144286  65.884972 19.200 -100.00 -100.00 -100.00
 106     2.404 55704.61019149 33.24  44.130725  65.887006   -100 -100.00 -100.00 -100.00
 106     2.539 55704.61019208 29.90  44.137075  65.886620 25.806 -100.00 -100.00 -100.00
 107     3.070 55714.52583847 31.61  44.133062  65.887098   -100 -100.00 -100.00 -100.00
 107     2.990 55714.52583906 31.03  44.139412  65.886711   -100 -100.00 -100.00 -100.00
 108     2.329 55724.44148762 32.94  44.134451  65.886871   -100 -100.00 -100.00 -100.00
 108     2.601 55724.44148821 31.65  44.140801  65.886484 29.185 -100.00 -100.00 -100.00
 109     1.724 55734.35713448 36.28  44.131984  65.887179 22.433 -100.00 -100.00 -100.00
 109     0.980 55734.35713507 42.05  44.138334  65.886792   -100 -100.00 -100.00 -100.00
 110     4.426 55744.27278016 33.22  44.130347  65.887601 23.722 -100.00 -100.00 -100.00
 110     2.038 55744.27278075 35.14  44.136698  65.887214 25.398 -100.00 -100.00 -100.00
 111     0.537 55754.18842466 43.32  44.132152  65.887196 22.148 -100.00 -100.00 -100.00
 111    -0.224 55754.18842525 46.38  44.138502  65.886809   -100 -100.00 -100.00 -100.00
 112     4.194 55764.10406671 30.85  44.131944  65.885839 20.320 -100.00 -100.00 -100.00
 112     2.169 55764.10406730 35.48  44.138294  65.885452   -100 -100.00 -100.00 -100.00
 112     2.413 55764.10406789 34.82  44.144643  65.885065 25.873 -100.00 -100.00 -100.00
 113     3.830 55774.01970616 24.48  44.133835  65.883968 16.485 -100.00 -100.00 -100.00
 113     3.657 55774.01970675 24.85  44.140184  65.883581 16.897 -100.00 -100.00 -100.00
 113     3.319 55774.01970734 28.07  44.146533  65.883194 24.280 -100.00 -100.00 -100.00
 114     2.276 55783.93534204 34.18  44.133527  65.882871   -100 -100.00 -100.00 -100.00
 114     2.301 55783.93534263 35.76  44.139876  65.882484   -100 -100.00 -100.00 -100.00
 114     2.466 55783.93534322 36.59  44.146224  65.882096   -100 -100.00 -100.00 -100.00
 115     2.245 55793.85097551 33.46  44.133947  65.883587 25.207 -100.00 -100.00 -100.00
 115     2.485 55793.85097610 32.06  44.140296  65.883200 21.349 -100.00 -100.00 -100.00
 115     2.382 55793.85097669 35.96  44.146645  65.882813   -100 -100.00 -100.00 -100.00
 116     0.784 55803.76661164 40.07  44.132250  65.885161   -100 -100.00 -100.00 -100.00
 116     0.769 55803.76661223 41.22  44.138600  65.884774   -100 -100.00 -100.00 -100.00
 116     1.112 55803.76661282 42.08  44.144949  65.884387   -100 -100.00 -100.00 -100.00
 117     0.243 55813.68226134 44.22  44.133253  65.885654   -100 -100.00 -100.00 -100.00
 117    -0.097 55813.68226193 48.72  44.139603  65.885267  8.197 -100.00 -100.00 -100.00
 117    -0.182 55813.68226252 51.66  44.145953  65.884879 30.592 -100.00 -100.00 -100.00
 118     2.009 55823.59790867 41.22  44.129535  65.885087   -100 -100.00 -100.00 -100.00
 118     2.655 55823.59790926 35.22  44.135885  65.884700 22.617 -100.00 -100.00 -100.00
 118     2.625 55823.59790985 36.02  44.142235  65.884313 26.462 -100.00 -100.00 -100.00
 119     3.534 55833.51355205 35.66  44.133936  65.883546 29.968 -100.00 -100.00 -100.00
 119     3.594 55833.51355264 36.48  44.140286  65.883159 30.334 -100.00 -100.00 -100.00
 119     3.685 55833.51355323 36.08  44.146635  65.882772 29.215 -100.00 -100.00 -100.00
 120     3.096 55843.42919103 32.89  44.135600  65.882891 27.664 -100.00 -100.00 -100.00
 120     3.309 55843.42919162 37.72  44.141950  65.882504   -100 -100.00 -100.00 -100.00
 120     4.031 55843.42919221 38.34  44.148300  65.882117 21.945 -100.00 -100.00 -100.00
 121     2.565 55853.34482685 31.88  44.136209  65.883767 19.940 -100.00 -100.00 -100.00
 121     2.332 55853.34482744 34.37  44.142559  65.883380 29.878 -100.00 -100.00 -100.00
 121     2.308 55853.34482803 34.98  44.148909  65.882992 28.964 -100.00 -100.00 -100.00
 122     1.866 55863.26046300 42.96  44.134340  65.885748   -100 -100.00 -100.00 -100.00
 122     1.398 55863.26046359 47.55  44.140690  65.885361   -100 -100.00 -100.00 -100.00
 123     2.231 55873.17611640 38.39  44.128284  65.887156 21.167 -100.00 -100.00 -100.00
 123     2.348 55873.17611699 40.27  44.134634  65.886769 26.801 -100.00 -100.00 -100.00
 123     0.614 55873.17611758 45.60  44.140985  65.886382   -100 -100.00 -100.00 -100.00
 133    22.248 55972.33255393 13.39  44.131661  65.883433  3.121 -100.00 -100.00 -100.00
 133    17.295 55972.33255452 13.51  44.138011  65.883046  3.223 -100.00 -100.00 -100.00
 133    22.239 55972.33255511 13.34  44.144361  65.882659  3.134 -100.00 -100.00 -100.00
 134    16.433 55982.24818976 15.47  44.129201  65.885717  6.199 -100.00 -100.00 -100.00
 134    14.731 55982.24819035 18.22  44.135551  65.885330  9.750 -100.00 -100.00 -100.00
 134     3.328 55982.24819094 19.27  44.141901  65.884943 11.622 -100.00 -100.00 -100.00
 135    22.795 55992.16382424 11.35  44.129086  65.886588  2.782 -100.00 -100.00 -100.00
 135    16.725 55992.16382484 11.72  44.135436  65.886201  3.103 -100.00 -100.00 -100.00
 135    17.494 55992.16382543 11.46  44.141786  65.885814  3.338 -100.00 -100.00 -100.00
 136    22.170 56002.07947241 10.52  44.135129  65.885096  3.360 -100.00 -100.00 -100.00
 136    16.978 56002.07947300 10.93  44.141479  65.884709  4.126 -100.00 -100.00 -100.00
 137    22.675 56011.99512208 11.17  44.132246  65.883224  3.465 -100.00 -100.00 -100.00
 137    16.816 56011.99512267 11.37  44.138595  65.882837  3.339 -100.00 -100.00 -100.00
 137    20.845 56011.99512326 11.25  44.144944  65.882450  3.092 -100.00 -100.00 -100.00
 139     2.126 56031.82641185 25.67  44.133903  65.883756   -100 -100.00 -100.00 -100.00
 139     2.217 56031.82641244 27.55  44.140252  65.883368   -100 -100.00 -100.00 -100.00
 139     2.192 56031.82641303 28.51  44.146601  65.882981   -100 -100.00 -100.00 -100.00
 141     5.816 56051.65769174 38.57  44.131538  65.887780   -100 -100.00 -100.00 -100.00
 141    14.869 56051.65769233 33.10  44.137889  65.887393 18.408 -100.00 -100.00 -100.00
 142     2.297 56061.57332803 42.34  44.133508  65.887813   -100 -100.00 -100.00 -100.00
 142     2.244 56061.57332862 42.57  44.139859  65.887426   -100 -100.00 -100.00 -100.00
 143     2.451 56071.48896667 34.45  44.132283  65.886899 32.762 -100.00 -100.00 -100.00
 143     2.951 56071.48896727 34.57  44.138633  65.886512 28.218 -100.00 -100.00 -100.00
 144     3.284 56081.40461728 27.99  44.132654  65.886193 23.832 -100.00 -100.00 -100.00
 144     3.273 56081.40461787 28.26  44.139004  65.885806 24.063 -100.00 -100.00 -100.00
 145     4.510 56091.32026524 28.87  44.132947  65.886628 26.521 -100.00 -100.00 -100.00
 145     2.458 56091.32026583 30.10  44.139297  65.886241 30.452 -100.00 -100.00 -100.00
 146     4.087 56101.23591073 32.15  44.132129  65.887687 26.873 -100.00 -100.00 -100.00
 146     2.635 56101.23591132 34.90  44.138480  65.887300   -100 -100.00 -100.00 -100.00
 147     2.480 56111.15154205 35.69  44.131621  65.887464 30.649 -100.00 -100.00 -100.00
 147     2.717 56111.15154264 34.46  44.137971  65.887077 24.112 -100.00 -100.00 -100.00
 148     0.653 56121.06718160 43.53  44.130744  65.885711 29.181 -100.00 -100.00 -100.00
 148     0.489 56121.06718219 46.84  44.137093  65.885324   -100 -100.00 -100.00 -100.00
 148     0.272 56121.06718278 51.15  44.143443  65.884937   -100 -100.00 -100.00 -100.00
 149     0.551 56130.98281779 44.63  44.133700  65.883230   -100 -100.00 -100.00 -100.00
 149     0.146 56130.98281838 47.89  44.140049  65.882844  5.893 -100.00 -100.00 -100.00
 149     0.371 56130.98281897 47.77  44.146398  65.882456   -100 -100.00 -100.00 -100.00
 150    15.175 56140.89845205 28.26  44.131708  65.882451 11.242 -100.00 -100.00 -100.00
 150     2.969 56140.89845264 28.74  44.138056  65.882065 12.016 -100.00 -100.00 -100.00
 150     2.799 56140.89845323 30.83  44.144405  65.881678 17.684 -100.00 -100.00 -100.00
 150     2.912 56140.89845382 34.22  44.150753  65.881290 28.314 -100.00 -100.00 -100.00
 151     2.396 56150.81410307 33.44  44.132802  65.883494 22.320 -100.00 -100.00 -100.00
 151     2.269 56150.81410366 33.12  44.139151  65.883107 22.287 -100.00 -100.00 -100.00
 151     2.358 56150.81410425 33.83  44.145500  65.882720 23.088 -100.00 -100.00 -100.00
 152     4.286 56160.72975213 34.94  44.133221  65.885548 17.630 -100.00 -100.00 -100.00
 152     2.822 56160.72975272 35.38  44.139570  65.885160 22.484 -100.00 -100.00 -100.00
 152     3.113 56160.72975331 36.06  44.145920  65.884773 18.926 -100.00 -100.00 -100.00
 153     2.277 56170.64539946 33.13  44.132497  65.886506 28.521 -100.00 -100.00 -100.00
 153     2.567 56170.64540005 32.31  44.138847  65.886119 24.160 -100.00 -100.00 -100.00
 154     2.086 56180.56104310 29.33  44.134614  65.885204 16.471 -100.00 -100.00 -100.00
 154     2.668 56180.56104369 31.41  44.140964  65.884817 23.953 -100.00 -100.00 -100.00
 155     2.763 56190.47668257 30.44  44.134228  65.883369 14.435 -100.00 -100.00 -100.00
 155     2.582 56190.47668316 33.15  44.140578  65.882982 24.141 -100.00 -100.00 -100.00
 155     3.213 56190.47668375 31.77  44.146927  65.882594 17.510 -100.00 -100.00 -100.00
 156     0.485 56200.39231889 41.93  44.131180  65.882879   -100 -100.00 -100.00 -100.00
 156     0.662 56200.39231949 42.84  44.137530  65.882492   -100 -100.00 -100.00 -100.00
 156     0.550 56200.39232008 47.12  44.143880  65.882105   -100 -100.00 -100.00 -100.00
 156     0.479 56200.39232067 47.64  44.150229  65.881717   -100 -100.00 -100.00 -100.00
 157     2.016 56210.30795343 32.02  44.135151  65.884374 21.447 -100.00 -100.00 -100.00
 157     2.973 56210.30795402 32.45  44.141501  65.883987 22.981 -100.00 -100.00 -100.00
 157     2.195 56210.30795461 36.69  44.147851  65.883599   -100 -100.00 -100.00 -100.00
 158     2.801 56220.22358533 35.34  44.131071  65.887344 21.672 -100.00 -100.00 -100.00
 158     2.859 56220.22358592 37.09  44.137422  65.886957   -100 -100.00 -100.00 -100.00
 159     4.730 56230.13923544 34.10  44.133204  65.888793 27.697 -100.00 -100.00 -100.00
 159     2.909 56230.13923604 35.44  44.139555  65.888406 30.909 -100.00 -100.00 -100.00
 160     1.000 56240.05488854 42.73  44.131314  65.888388 21.963 -100.00 -100.00 -100.00
 160     0.227 56240.05488913 46.02  44.137664  65.888001   -100 -100.00 -100.00 -100.00
 161     0.975 56249.97053761 36.79  44.128364  65.887280 26.122 -100.00 -100.00 -100.00
 161     0.784 56249.97053820 39.25  44.134714  65.886893   -100 -100.00 -100.00 -100.00
 161     0.399 56249.97053879 43.69  44.141064  65.886506   -100 -100.00 -100.00 -100.00
 162     0.821 56259.88618215 38.77  44.128720  65.886255 17.913 -100.00 -100.00 -100.00
 162     0.520 56259.88618274 40.68  44.135070  65.885868 21.870 -100.00 -100.00 -100.00
 162    -0.263 56259.88618333 47.21  44.141420  65.885481   -100 -100.00 -100.00 -100.00
 163     2.071 56269.80182432 30.07  44.132233  65.886442 28.016 -100.00 -100.00 -100.00
 163     2.096 56269.80182491 30.66  44.138583  65.886055   -100 -100.00 -100.00 -100.00
 164    10.578 56279.71746417 21.94  44.129717  65.887287 11.457 -100.00 -100.00 -100.00
 164    12.672 56279.71746477 23.02  44.136068  65.886900 14.117 -100.00 -100.00 -100.00
 164     2.530 56279.71746536 27.29  44.142418  65.886513 28.765 -100.00 -100.00 -100.00
 165    11.385 56289.63311510 19.04  44.128810  65.887329  9.512 -100.00 -100.00 -100.00
 165     2.113 56289.63311569 20.95  44.135160  65.886942 12.125 -100.00 -100.00 -100.00
 165     2.085 56289.63311628 21.87  44.141511  65.886554 15.771 -100.00 -100.00 -100.00
 166     9.842 56299.54876359 18.84  44.130580  65.885511 11.461 -100.00 -100.00 -100.00
 166    12.007 56299.54876418 20.53  44.136930  65.885124 14.942 -100.00 -100.00 -100.00
 166     1.510 56299.54876477 21.52  44.143281  65.884736 17.250 -100.00 -100.00 -100.00
 167    15.203 56309.46440799 17.94  44.130965  65.883253  8.676 -100.00 -100.00 -100.00
 167    15.871 56309.46440858 16.63  44.137315  65.882866  6.211 -100.00 -100.00 -100.00
 167     2.172 56309.46440917 19.86  44.143665  65.882478 11.409 -100.00 -100.00 -100.00
 168    14.539 56319.38005045 15.42  44.136397  65.881840  6.973 -100.00 -100.00 -100.00
 168    14.510 56319.38005104 15.62  44.142747  65.881452  6.802 -100.00 -100.00 -100.00
 168     9.404 56319.38005163 16.79  44.149096  65.881064  9.120 -100.00 -100.00 -100.00
 169     8.330 56329.29569089 21.02  44.130714  65.883414 14.253 -100.00 -100.00 -100.00
 169    16.051 56329.29569148 17.72  44.137064  65.883027  7.398 -100.00 -100.00 -100.00
 169     7.958 56329.29569207 19.48  44.143413  65.882639 11.430 -100.00 -100.00 -100.00
 169    14.945 56329.29569266 17.63  44.149763  65.882252  8.161 -100.00 -100.00 -100.00
 170    16.102 56339.21133094 18.83  44.129879  65.885609  6.821 -100.00 -100.00 -100.00
 170     2.200 56339.21133153 22.33  44.136229  65.885222 12.002 -100.00 -100.00 -100.00
 170     8.301 56339.21133212 22.46  44.142579  65.884834 12.016 -100.00 -100.00 -100.00
 171    16.464 56349.12696926 17.15  44.132597  65.886732  6.329 -100.00 -100.00 -100.00
 171    15.162 56349.12696985 20.60  44.138947  65.886345 11.638 -100.00 -100.00 -100.00
 172    22.413 56359.04260503 11.90  44.133439  65.885880  3.186 -100.00 -100.00 -100.00
 172    17.149 56359.04260562 11.93  44.139789  65.885493  3.501 -100.00 -100.00 -100.00
 173    22.484 56368.95825577 10.92  44.134652  65.883768  3.090 -100.00 -100.00 -100.00
 173    17.143 56368.95825636 11.19  44.141002  65.883381  3.308 -100.00 -100.00 -100.00
 173    18.009 56368.95825695 10.96  44.147350  65.882994  3.142 -100.00 -100.00 -100.00
 175    16.789 56388.78954867 12.22  44.133070  65.884621  3.810 -100.00 -100.00 -100.00
 175    16.933 56388.78954926 11.82  44.139419  65.884234  3.200 -100.00 -100.00 -100.00
 175    18.103 56388.78954985 11.89  44.145768  65.883846  3.554 -100.00 -100.00 -100.00
 176     2.817 56398.70519154 33.71  44.128664  65.887368   -100 -100.00 -100.00 -100.00
 176     2.049 56398.70519213 35.93  44.135014  65.886981   -100 -100.00 -100.00 -100.00
 176     2.093 56398.70519272 36.40  44.141364  65.886594   -100 -100.00 -100.00 -100.00
 177    15.785 56408.62083279 36.84  44.133197  65.888656 24.279 -100.00 -100.00 -100.00
 177     3.593 56408.62083338 40.73  44.139548  65.888269   -100 -100.00 -100.00 -100.00
 178     4.684 56418.53646937 38.76  44.133260  65.888465 32.287 -100.00 -100.00 -100.00
 178     4.647 56418.53646996 38.69  44.139610  65.888078 30.043 -100.00 -100.00 -100.00
 179     2.451 56428.45210203 34.92  44.129772  65.887552 31.116 -100.00 -100.00 -100.00
 179     2.876 56428.45210262 33.33  44.136123  65.887165 25.775 -100.00 -100.00 -100.00
 180     2.390 56438.36775587 31.26  44.129630  65.886430 30.871 -100.00 -100.00 -100.00
 180     2.901 56438.36775646 28.91  44.135980  65.886043 20.730 -100.00 -100.00 -100.00
 180     2.899 56438.36775705 30.66  44.142330  65.885656 29.272 -100.00 -100.00 -100.00
 181    15.019 56448.28340750 27.01  44.133564  65.886072 14.609 -100.00 -100.00 -100.00
 181     2.032 56448.28340809 29.11  44.139914  65.885685 22.423 -100.00 -100.00 -100.00
 182     2.358 56458.19905658 36.47  44.133880  65.886517   -100 -100.00 -100.00 -100.00
 182     2.484 56458.19905717 36.74  44.140230  65.886130   -100 -100.00 -100.00 -100.00
 183     2.611 56468.11470232 46.09  44.133249  65.886135   -100 -100.00 -100.00 -100.00
 183     2.611 56468.11470291 48.01  44.139599  65.885748   -100 -100.00 -100.00 -100.00
 184     1.032 56478.03034392 36.42  44.131324  65.885101   -100 -100.00 -100.00 -100.00
 184     2.174 56478.03034451 31.29  44.137673  65.884714 26.068 -100.00 -100.00 -100.00
 184     2.224 56478.03034510 33.52  44.144022  65.884327 28.575 -100.00 -100.00 -100.00
 185     2.244 56487.94598218 31.60  44.134709  65.883417 22.252 -100.00 -100.00 -100.00
 185     2.656 56487.94598277 30.13  44.141057  65.883029 13.486 -100.00 -100.00 -100.00
 185     2.795 56487.94598336 30.97  44.147406  65.882642 16.109 -100.00 -100.00 -100.00
 187     4.281 56507.77725113 30.96  44.129966  65.884343 18.241 -100.00 -100.00 -100.00
 187    -0.469 56507.77725172 36.28  44.136316  65.883956   -100 -100.00 -100.00 -100.00
 187    -0.441 56507.77725231 37.57  44.142665  65.883569   -100 -100.00 -100.00 -100.00
 188     2.587 56517.69288859 45.14  44.128827  65.886060  0.717 -100.00 -100.00 -100.00
 188     2.602 56517.69288918 40.38  44.135177  65.885674 30.902 -100.00 -100.00 -100.00
 188     2.910 56517.69288977 43.85  44.141527  65.885287   -100 -100.00 -100.00 -100.00
 189     2.883 56527.60854324 34.05  44.133712  65.886258   -100 -100.00 -100.00 -100.00
 189     2.993 56527.60854383 38.46  44.140062  65.885871  5.955 -100.00 -100.00 -100.00
 190     1.258 56537.52419279 33.52  44.129088  65.886029   -100 -100.00 -100.00 -100.00
 190     1.279 56537.52419338 34.24  44.135438  65.885642   -100 -100.00 -100.00 -100.00
 190     1.223 56537.52419397 34.79  44.141788  65.885255   -100 -100.00 -100.00 -100.00
 192     2.658 56557.35548269 31.69  44.132910  65.884379 14.457 -100.00 -100.00 -100.00
 192     2.971 56557.35548328 31.82  44.139260  65.883991 13.379 -100.00 -100.00 -100.00
 192     3.204 56557.35548387 33.05  44.145610  65.883604 18.494 -100.00 -100.00 -100.00
 193    -0.232 56567.27112483 42.79  44.129069  65.885733   -100 -100.00 -100.00 -100.00
 193    -0.515 56567.27112543 44.18  44.135420  65.885346 11.092 -100.00 -100.00 -100.00
 193    -0.379 56567.27112602 46.19  44.141770  65.884958 13.806 -100.00 -100.00 -100.00
 194     4.806 56577.18676605 31.56  44.129747  65.887676 28.275 -100.00 -100.00 -100.00
 194    14.992 56577.18676664 22.74  44.136098  65.887289  9.107 -100.00 -100.00 -100.00
 195     3.500 56587.10240415 42.02  44.134289  65.888696 32.395 -100.00 -100.00 -100.00
 195     3.053 56587.10240474 47.31  44.140640  65.888309 11.056 -100.00 -100.00 -100.00
 196     1.912 56597.01804431 41.00  44.132069  65.888678 25.098 -100.00 -100.00 -100.00
 196     1.600 56597.01804490 44.09  44.138420  65.888291   -100 -100.00 -100.00 -100.00
 197     1.551 56606.93369618 41.99  44.132263  65.887338 30.823 -100.00 -100.00 -100.00
 197     1.253 56606.93369677 44.13  44.138614  65.886951   -100 -100.00 -100.00 -100.00
 198     1.470 56616.84934315 43.03  44.132688  65.886426 32.514 -100.00 -100.00 -100.00
 198     1.204 56616.84934374 47.18  44.139038  65.886039   -100 -100.00 -100.00 -100.00
 199     0.411 56626.76498621 38.97  44.128617  65.886517 31.602 -100.00 -100.00 -100.00
 199     0.083 56626.76498680 41.21  44.134968  65.886130   -100 -100.00 -100.00 -100.00
 199     0.074 56626.76498739 45.04  44.141318  65.885742  5.042 -100.00 -100.00 -100.00
 200     1.955 56636.68062690 32.03  44.128738  65.886601   -100 -100.00 -100.00 -100.00
 200     1.847 56636.68062749 34.45  44.135088  65.886214   -100 -100.00 -100.00 -100.00
 200     1.993 56636.68062808 35.21  44.141438  65.885827   -100 -100.00 -100.00 -100.00
 201     3.151 56646.59626793 19.74  44.131182  65.886074  8.472 -100.00 -100.00 -100.00
 201     3.134 56646.59626852 21.56  44.137533  65.885687 12.009 -100.00 -100.00 -100.00
 201     3.093 56646.59626911 23.85  44.143883  65.885300 17.842 -100.00 -100.00 -100.00
 202     1.991 56656.51192033 34.40  44.133145  65.884768   -100 -100.00 -100.00 -100.00
 202     2.085 56656.51192092 36.04  44.139496  65.884381   -100 -100.00 -100.00 -100.00
 202     2.108 56656.51192151 38.83  44.145846  65.883993   -100 -100.00 -100.00 -100.00
 203    13.751 56666.42756810 14.46  44.131842  65.883661  4.141 -100.00 -100.00 -100.00
 203    14.262 56666.42756869 14.99  44.138192  65.883273  5.104 -100.00 -100.00 -100.00
 203    14.133 56666.42756928 14.98  44.144542  65.882886  5.124 -100.00 -100.00 -100.00
 205    16.056 56686.25885756 12.97  44.132701  65.884495  4.058 -100.00 -100.00 -100.00
 205    15.878 56686.25885815 12.91  44.139051  65.884108  3.556 -100.00 -100.00 -100.00
 205    16.393 56686.25885875 12.76  44.145401  65.883720  3.630 -100.00 -100.00 -100.00
 206    16.126 56696.17449978 10.59  44.133375  65.885496  4.622 -100.00 -100.00 -100.00
 206    16.317 56696.17450037 10.20  44.139726  65.885109  3.532 -100.00 -100.00 -100.00
 206    17.036 56696.17450096  9.83  44.146076  65.884721  2.994 -100.00 -100.00 -100.00
 207     2.235 56706.09013712 22.48  44.130565  65.886054 21.129 -100.00 -100.00 -100.00
 207    15.766 56706.09013771 15.23  44.136915  65.885667  6.529 -100.00 -100.00 -100.00
 207    15.691 56706.09013831 16.15  44.143265  65.885280  7.939 -100.00 -100.00 -100.00
 208     2.463 56716.00577014 34.13  44.130901  65.885710   -100 -100.00 -100.00 -100.00
 208     2.639 56716.00577073 36.07  44.137251  65.885324   -100 -100.00 -100.00 -100.00
 208     2.561 56716.00577132 37.47  44.143601  65.884937   -100 -100.00 -100.00 -100.00
 209   -20.830 56725.92142352  6.45  44.130136  65.885106  2.118 -100.00 -100.00 -100.00
 209   -20.852 56725.92142411  6.10  44.136486  65.884720  1.967 -100.00 -100.00 -100.00
 209   -20.857 56725.92142470  6.09  44.142835  65.884332  2.027 -100.00 -100.00 -100.00
 211    16.798 56745.75271907 11.18  44.131574  65.886860  4.068 -100.00 -100.00 -100.00
 211    16.781 56745.75271966 11.20  44.137924  65.886472  4.009 -100.00 -100.00 -100.00
 212    16.672 56755.66836100 13.19  44.133782  65.887952  5.136 -100.00 -100.00 -100.00
 212    17.263 56755.66836159 12.64  44.140132  65.887565  4.357 -100.00 -100.00 -100.00
 213     3.580 56765.58399690 42.86  44.131832  65.888416   -100 -100.00 -100.00 -100.00
 213     3.414 56765.58399749 45.09  44.138183  65.888028   -100 -100.00 -100.00 -100.00
 214     4.473 56775.49963630 34.46  44.132873  65.887678 24.958 -100.00 -100.00 -100.00
 214     4.439 56775.49963689 38.91  44.139223  65.887291   -100 -100.00 -100.00 -100.00
 215     3.205 56785.41529298 31.32  44.132421  65.886871   -100 -100.00 -100.00 -100.00
 215     3.376 56785.41529357 32.18  44.138772  65.886483   -100 -100.00 -100.00 -100.00
 216     3.157 56795.33094592 37.20  44.130825  65.886656 25.108 -100.00 -100.00 -100.00
 216     3.279 56795.33094651 37.25  44.137176  65.886268 26.187 -100.00 -100.00 -100.00
 216     3.169 56795.33094710 37.86  44.143526  65.885881   -100 -100.00 -100.00 -100.00
 217     2.653 56805.24659490 30.55  44.130061  65.886609 20.316 -100.00 -100.00 -100.00
 217     2.979 56805.24659549 30.94  44.136411  65.886221 21.230 -100.00 -100.00 -100.00
 217     3.276 56805.24659608 31.72  44.142761  65.885834 23.484 -100.00 -100.00 -100.00
 219     3.812 56825.07787629 25.22  44.134353  65.884718 19.623 -100.00 -100.00 -100.00
 219     3.484 56825.07787688 27.82  44.140702  65.884330 30.028 -100.00 -100.00 -100.00
 219     3.309 56825.07787747 34.36  44.147051  65.883943   -100 -100.00 -100.00 -100.00
 220   -20.696 56834.99351138  9.93  44.135414  65.883760  2.541 -100.00 -100.00 -100.00
 220   -20.670 56834.99351197  9.93  44.141763  65.883372  2.241 -100.00 -100.00 -100.00
 220   -21.196 56834.99351256  9.43  44.148112  65.882985  2.350 -100.00 -100.00 -100.00
 221     1.106 56844.90914267 40.73  44.132100  65.884148   -100 -100.00 -100.00 -100.00
 221     1.311 56844.90914326 35.33  44.138449  65.883761   -100 -100.00 -100.00 -100.00
 221     1.250 56844.90914385 38.00  44.144798  65.883374   -100 -100.00 -100.00 -100.00
 223     4.350 56864.74044159 31.30  44.131121  65.885725 24.082 -100.00 -100.00 -100.00
 223     1.530 56864.74044218 33.79  44.137471  65.885338 28.544 -100.00 -100.00 -100.00
 223     2.265 56864.74044277 31.85  44.143820  65.884951 24.993 -100.00 -100.00 -100.00
 224     0.005 56874.65609460 40.24  44.132814  65.885647   -100 -100.00 -100.00 -100.00
 224     0.558 56874.65609519 34.21  44.139164  65.885259   -100 -100.00 -100.00 -100.00
 224     2.099 56874.65609578 29.78  44.145514  65.884872 16.556 -100.00 -100.00 -100.00
 225     3.538 56884.57174435 30.42  44.133193  65.885182 25.718 -100.00 -100.00 -100.00
 225     2.036 56884.57174494 31.77  44.139543  65.884794 28.791 -100.00 -100.00 -100.00
 225     2.307 56884.57174554 35.75  44.145892  65.884407   -100 -100.00 -100.00 -100.00
 226     4.586 56894.48739084 27.35  44.131774  65.884782 21.481 -100.00 -100.00 -100.00
 226    16.033 56894.48739143 22.48  44.138124  65.884395  8.850 -100.00 -100.00 -100.00
 226     3.898 56894.48739202 25.03  44.144474  65.884007 15.413 -100.00 -100.00 -100.00
 227     2.022 56904.40303418 33.02  44.130802  65.885112 17.928 -100.00 -100.00 -100.00
 227     2.428 56904.40303477 32.99  44.137152  65.884725 18.091 -100.00 -100.00 -100.00
 227     2.158 56904.40303536 35.22  44.143502  65.884337 29.344 -100.00 -100.00 -100.00
 228     2.366 56914.31867554 37.20  44.130907  65.886333 28.803 -100.00 -100.00 -100.00
 228     2.245 56914.31867613 36.78  44.137257  65.885946   -100 -100.00 -100.00 -100.00
 228     2.889 56914.31867672 32.38  44.143607  65.885558 19.285 -100.00 -100.00 -100.00
 229    15.175 56924.23431541 30.17  44.133981  65.887612 12.467 -100.00 -100.00 -100.00
 229     2.486 56924.23431600 33.25  44.140331  65.887225 20.457 -100.00 -100.00 -100.00
 230     4.527 56934.14995214 31.37  44.131713  65.888602 14.879 -100.00 -100.00 -100.00
 230     4.423 56934.14995273 32.09  44.138064  65.888215 14.441 -100.00 -100.00 -100.00
 231     4.884 56944.06558395 37.22  44.133051  65.888301 22.962 -100.00 -100.00 -100.00
 231     4.382 56944.06558454 33.42  44.139402  65.887914 20.117 -100.00 -100.00 -100.00
 232     3.585 56953.98123162 39.04  44.130683  65.887198 24.699 -100.00 -100.00 -100.00
 232     3.090 56953.98123221 43.02  44.137033  65.886811   -100 -100.00 -100.00 -100.00
 233     2.442 56963.89688184 40.93  44.131846  65.886236 24.957 -100.00 -100.00 -100.00
 233     1.920 56963.89688243 45.43  44.138196  65.885849   -100 -100.00 -100.00 -100.00
 233     1.628 56963.89688302 47.35  44.144545  65.885461 14.088 -100.00 -100.00 -100.00
 234     1.327 56973.81252707 42.02  44.130803  65.886580 27.754 -100.00 -100.00 -100.00
 234     1.203 56973.81252766 44.18  44.137153  65.886193   -100 -100.00 -100.00 -100.00
 234     0.767 56973.81252825 49.40  44.143503  65.885805  8.744 -100.00 -100.00 -100.00
 235     0.699 56983.72816804 40.06  44.131100  65.887226 30.024 -100.00 -100.00 -100.00
 235     0.784 56983.72816863 43.11  44.137450  65.886839 29.455 -100.00 -100.00 -100.00
 236     0.538 56993.64380398 39.38  44.129141  65.887093 27.967 -100.00 -100.00 -100.00
 236     0.772 56993.64380457 41.22  44.135492  65.886706 24.125 -100.00 -100.00 -100.00
 236     0.200 56993.64380516 45.17  44.141842  65.886318   -100 -100.00 -100.00 -100.00
 237     0.986 57003.55944141 30.49  44.129358  65.885523 31.447 -100.00 -100.00 -100.00
 237     1.371 57003.55944201 32.37  44.135709  65.885137 30.811 -100.00 -100.00 -100.00
 237     1.228 57003.55944260 34.23  44.142059  65.884750   -100 -100.00 -100.00 -100.00
 238     3.099 57013.47509802 31.27  44.131227  65.883522 25.059 -100.00 -100.00 -100.00
 238     3.085 57013.47509861 32.33  44.137577  65.883135 28.434 -100.00 -100.00 -100.00
 238     2.623 57013.47509920 36.57  44.143927  65.882747   -100 -100.00 -100.00 -100.00
 239     2.217 57023.39074960 27.37  44.135897  65.882936 26.725 -100.00 -100.00 -100.00
 239     2.142 57023.39075019 29.26  44.142247  65.882548   -100 -100.00 -100.00 -100.00
 239     2.024 57023.39075078 31.33  44.148597  65.882161   -100 -100.00 -100.00 -100.00
 240    16.097 57033.30639772 15.49  44.131376  65.884864  6.650 -100.00 -100.00 -100.00
 240    15.008 57033.30639831 17.03  44.137726  65.884477  8.231 -100.00 -100.00 -100.00
 240    15.262 57033.30639890 16.97  44.144076  65.884089  6.820 -100.00 -100.00 -100.00
 241    15.828 57043.22204392 18.40  44.130818  65.886522  7.808 -100.00 -100.00 -100.00
 241    15.355 57043.22204451 18.39  44.137168  65.886135  7.183 -100.00 -100.00 -100.00
 241    14.003 57043.22204510 19.47  44.143518  65.885748  8.658 -100.00 -100.00 -100.00
 242    16.301 57053.13768792 16.49  44.131784  65.886733  4.896 -100.00 -100.00 -100.00
 242    15.995 57053.13768851 17.40  44.138134  65.886346  7.310 -100.00 -100.00 -100.00
 243    16.807 57063.05332711 14.20  44.128894  65.885767  3.496 -100.00 -100.00 -100.00
 243    16.523 57063.05332770 14.42  44.135244  65.885380  4.283 -100.00 -100.00 -100.00
 243    16.615 57063.05332829 14.90  44.141594  65.884993  5.323 -100.00 -100.00 -100.00
 244    16.860 57072.96896148 15.98  44.129854  65.884956  4.779 -100.00 -100.00 -100.00
 244    16.273 57072.96896207 16.65  44.136204  65.884569  6.006 -100.00 -100.00 -100.00
 244    16.203 57072.96896266 17.57  44.142553  65.884181  7.522 -100.00 -100.00 -100.00
 245     4.299 57082.88459188 19.80  44.130214  65.885814 11.891 -100.00 -100.00 -100.00
 245     3.602 57082.88459248 22.24  44.136564  65.885427 17.459 -100.00 -100.00 -100.00
 245     1.613 57082.88459307 22.11  44.142913  65.885040 17.321 -100.00 -100.00 -100.00
 246     2.163 57092.80023995 21.77  44.133974  65.887548 20.554 -100.00 -100.00 -100.00
 246     3.864 57092.80024054 18.62  44.140324  65.887160 13.007 -100.00 -100.00 -100.00
 247     2.416 57102.71589672 22.45  44.131440  65.889308 23.605 -100.00 -100.00 -100.00
 247     3.020 57102.71589731 17.97  44.137791  65.888921 10.249 -100.00 -100.00 -100.00
 248     1.097 57112.63155002 24.79  44.130660  65.889382   -100 -100.00 -100.00 -100.00
 248     1.259 57112.63155061 20.37  44.137011  65.888995 18.733 -100.00 -100.00 -100.00
 249     1.480 57122.54719742 31.27  44.129998  65.887856   -100 -100.00 -100.00 -100.00
 249    16.243 57122.54719801 22.76  44.136348  65.887469 15.825 -100.00 -100.00 -100.00
 250     2.412 57132.46283949 27.72  44.131116  65.886058 25.669 -100.00 -100.00 -100.00
 250    15.863 57132.46284008 23.86  44.137466  65.885671 14.017 -100.00 -100.00 -100.00
 250     2.902 57132.46284068 25.40  44.143816  65.885284 18.198 -100.00 -100.00 -100.00
